0.379723 0.9498
0.379795 0.9498
0.379867 0.9498
0.379939 0.9499
0.380011 0.9499
0.380084 0.9499
0.380156 0.95
0.380228 0.95
0.3803 0.9501
0.380373 0.9501
0.380445 0.9501
0.380518 0.9502
0.38059 0.9502
0.380662 0.9503
0.380735 0.9503
0.380807 0.9503
0.38088 0.9504
0.380952 0.9504
0.381025 0.9504
0.381098 0.9505
0.38117 0.9505
0.381243 0.9506
0.381316 0.9506
0.381388 0.9506
0.381461 0.9507
0.381534 0.9507
0.381607 0.9508
0.381679 0.9508
0.381752 0.9508
0.381825 0.9509
0.381898 0.9509
0.381971 0.9509
0.382044 0.951
0.382117 0.951
0.38219 0.9511
0.382263 0.9511
0.382336 0.9511
0.382409 0.9512
0.382482 0.9512
0.382555 0.9512
0.382629 0.9513
0.382702 0.9513
0.382775 0.9514
0.382848 0.9514
0.382922 0.9514
0.382995 0.9515
0.383068 0.9515
0.383142 0.9516
0.383215 0.9516
0.383289 0.9516
0.383362 0.9517
0.383436 0.9517
0.383509 0.9517
0.383583 0.9518
0.383656 0.9518
0.38373 0.9519
0.383803 0.9519
0.383877 0.9519
0.383951 0.952
0.384025 0.952
0.384098 0.952
0.384172 0.9521
0.384246 0.9521
0.38432 0.9522
0.384394 0.9522
0.384468 0.9522
0.384541 0.9523
0.384615 0.9523
0.384689 0.9523
0.384763 0.9524
0.384837 0.9524
0.384911 0.9525
0.384986 0.9525
0.38506 0.9525
0.385134 0.9526
0.385208 0.9526
0.385282 0.9526
0.385356 0.9527
0.385431 0.9527
0.385505 0.9527
0.385579 0.9528
0.385654 0.9528
0.385728 0.9529
0.385802 0.9529
0.385877 0.9529
0.385951 0.953
0.386026 0.953
0.3861 0.953
0.386175 0.9531
0.38625 0.9531
0.386324 0.9532
0.386399 0.9532
0.386473 0.9532
0.386548 0.9533
0.386623 0.9533
0.386698 0.9533
0.386772 0.9534
0.386847 0.9534
0.386922 0.9534
0.386997 0.9535
0.387072 0.9535
0.387147 0.9536
0.387222 0.9536
0.387297 0.9536
0.387372 0.9537
0.387447 0.9537
0.387522 0.9537
0.387597 0.9538
0.387672 0.9538
0.387747 0.9538
0.387822 0.9539
0.387898 0.9539
0.387973 0.954
0.388048 0.954
0.388123 0.954
0.388199 0.9541
0.388274 0.9541
0.38835 0.9541
0.388425 0.9542
0.3885 0.9542
0.388576 0.9542
0.388651 0.9543
0.388727 0.9543
0.388802 0.9544
0.388878 0.9544
0.388954 0.9544
0.389029 0.9545
0.389105 0.9545
0.389181 0.9545
0.389257 0.9546
0.389332 0.9546
0.389408 0.9546
0.389484 0.9547
0.38956 0.9547
0.389636 0.9548
0.389712 0.9548
0.389788 0.9548
0.389864 0.9549
0.38994 0.9549
0.390016 0.9549
0.390092 0.955
0.390168 0.955
0.390244 0.955
0.39032 0.9551
0.390396 0.9551
0.390472 0.9551
0.390549 0.9552
0.390625 0.9552
0.390701 0.9553
0.390778 0.9553
0.390854 0.9553
0.39093 0.9554
0.391007 0.9554
0.391083 0.9554
0.39116 0.9555
0.391236 0.9555
0.391313 0.9555
0.391389 0.9556
0.391466 0.9556
0.391543 0.9556
0.391619 0.9557
0.391696 0.9557
0.391773 0.9557
0.39185 0.9558
0.391926 0.9558
0.392003 0.9559
0.39208 0.9559
0.392157 0.9559
0.392234 0.956
0.392311 0.956
0.392388 0.956
0.392465 0.9561
0.392542 0.9561
0.392619 0.9561
0.392696 0.9562
0.392773 0.9562
0.39285 0.9562
0.392927 0.9563
0.393005 0.9563
0.393082 0.9563
0.393159 0.9564
0.393236 0.9564
0.393314 0.9564
0.393391 0.9565
0.393468 0.9565
0.393546 0.9566
0.393623 0.9566
0.393701 0.9566
0.393778 0.9567
0.393856 0.9567
0.393933 0.9567
0.394011 0.9568
0.394089 0.9568
0.394166 0.9568
0.394244 0.9569
0.394322 0.9569
0.3944 0.9569
0.394477 0.957
0.394555 0.957
0.394633 0.957
0.394711 0.9571
0.394789 0.9571
0.394867 0.9571
0.394945 0.9572
0.395023 0.9572
0.395101 0.9572
0.395179 0.9573
0.395257 0.9573
0.395335 0.9573
0.395413 0.9574
0.395491 0.9574
0.39557 0.9575
0.395648 0.9575
0.395726 0.9575
0.395804 0.9576
0.395883 0.9576
0.395961 0.9576
0.39604 0.9577
0.396118 0.9577
0.396197 0.9577
0.396275 0.9578
0.396354 0.9578
0.396432 0.9578
0.396511 0.9579
0.396589 0.9579
0.396668 0.9579
0.396747 0.958
0.396825 0.958
0.396904 0.958
0.396983 0.9581
0.397062 0.9581
0.397141 0.9581
0.397219 0.9582
0.397298 0.9582
0.397377 0.9582
0.397456 0.9583
0.397535 0.9583
0.397614 0.9583
0.397693 0.9584
0.397772 0.9584
0.397852 0.9584
0.397931 0.9585
0.39801 0.9585
0.398089 0.9585
0.398168 0.9586
0.398248 0.9586
0.398327 0.9586
0.398406 0.9587
0.398486 0.9587
0.398565 0.9587
0.398645 0.9588
0.398724 0.9588
0.398804 0.9588
0.398883 0.9589
0.398963 0.9589
0.399042 0.9589
0.399122 0.959
0.399202 0.959
0.399281 0.959
0.399361 0.9591
0.399441 0.9591
0.399521 0.9591
0.3996 0.9592
0.39968 0.9592
0.39976 0.9592
0.39984 0.9593
0.39992 0.9593
0.4 0.9593
0.40008 0.9594
0.40016 0.9594
0.40024 0.9594
0.40032 0.9595
0.4004 0.9595
0.400481 0.9595
0.400561 0.9596
0.400641 0.9596
0.400721 0.9596
0.400802 0.9597
0.400882 0.9597
0.400962 0.9597
0.401043 0.9598
0.401123 0.9598
0.401204 0.9598
0.401284 0.9599
0.401365 0.9599
0.401445 0.9599
0.401526 0.96
0.401606 0.96
0.401687 0.96
0.401768 0.9601
0.401848 0.9601
0.401929 0.9601
0.40201 0.9602
0.402091 0.9602
0.402172 0.9602
0.402253 0.9603
0.402334 0.9603
0.402415 0.9603
0.402495 0.9604
0.402576 0.9604
0.402658 0.9604
0.402739 0.9605
0.40282 0.9605
0.402901 0.9605
0.402982 0.9605
0.403063 0.9606
0.403145 0.9606
0.403226 0.9606
0.403307 0.9607
0.403388 0.9607
0.40347 0.9607
0.403551 0.9608
0.403633 0.9608
0.403714 0.9608
0.403796 0.9609
0.403877 0.9609
0.403959 0.9609
0.40404 0.961
0.404122 0.961
0.404204 0.961
0.404285 0.9611
0.404367 0.9611
0.404449 0.9611
0.404531 0.9612
0.404613 0.9612
0.404694 0.9612
0.404776 0.9613
0.404858 0.9613
0.40494 0.9613
0.405022 0.9614
0.405104 0.9614
0.405186 0.9614
0.405268 0.9614
0.405351 0.9615
0.405433 0.9615
0.405515 0.9615
0.405597 0.9616
0.40568 0.9616
0.405762 0.9616
0.405844 0.9617
0.405927 0.9617
0.406009 0.9617
0.406091 0.9618
0.406174 0.9618
0.406256 0.9618
0.406339 0.9619
0.406421 0.9619
0.406504 0.9619
0.406587 0.962
0.406669 0.962
0.406752 0.962
0.406835 0.962
0.406918 0.9621
0.407 0.9621
0.407083 0.9621
0.407166 0.9622
0.407249 0.9622
0.407332 0.9622
0.407415 0.9623
0.407498 0.9623
0.407581 0.9623
0.407664 0.9624
0.407747 0.9624
0.40783 0.9624
0.407914 0.9625
0.407997 0.9625
0.40808 0.9625
0.408163 0.9625
0.408247 0.9626
0.40833 0.9626
0.408413 0.9626
0.408497 0.9627
0.40858 0.9627
0.408664 0.9627
0.408747 0.9628
0.408831 0.9628
0.408914 0.9628
0.408998 0.9629
0.409082 0.9629
0.409165 0.9629
0.409249 0.963
0.409333 0.963
0.409417 0.963
0.4095 0.963
0.409584 0.9631
0.409668 0.9631
0.409752 0.9631
0.409836 0.9632
0.40992 0.9632
0.410004 0.9632
0.410088 0.9633
0.410172 0.9633
0.410256 0.9633
0.410341 0.9633
0.410425 0.9634
0.410509 0.9634
0.410593 0.9634
0.410678 0.9635
0.410762 0.9635
0.410846 0.9635
0.410931 0.9636
0.411015 0.9636
0.4111 0.9636
0.411184 0.9637
0.411269 0.9637
0.411353 0.9637
0.411438 0.9637
0.411523 0.9638
0.411607 0.9638
0.411692 0.9638
0.411777 0.9639
0.411862 0.9639
0.411946 0.9639
0.412031 0.964
0.412116 0.964
0.412201 0.964
0.412286 0.964
0.412371 0.9641
0.412456 0.9641
0.412541 0.9641
0.412626 0.9642
0.412712 0.9642
0.412797 0.9642
0.412882 0.9643
0.412967 0.9643
0.413052 0.9643
0.413138 0.9643
0.413223 0.9644
0.413309 0.9644
0.413394 0.9644
0.413479 0.9645
0.413565 0.9645
0.41365 0.9645
0.413736 0.9646
0.413822 0.9646
0.413907 0.9646
0.413993 0.9646
0.414079 0.9647
0.414164 0.9647
0.41425 0.9647
0.414336 0.9648
0.414422 0.9648
0.414508 0.9648
0.414594 0.9649
0.41468 0.9649
0.414766 0.9649
0.414852 0.9649
0.414938 0.965
0.415024 0.965
0.41511 0.965
0.415196 0.9651
0.415282 0.9651
0.415369 0.9651
0.415455 0.9652
0.415541 0.9652
0.415628 0.9652
0.415714 0.9652
0.4158 0.9653
0.415887 0.9653
0.415973 0.9653
0.41606 0.9654
0.416146 0.9654
0.416233 0.9654
0.41632 0.9654
0.416406 0.9655
0.416493 0.9655
0.41658 0.9655
0.416667 0.9656
0.416754 0.9656
0.41684 0.9656
0.416927 0.9657
0.417014 0.9657
0.417101 0.9657
0.417188 0.9657
0.417275 0.9658
0.417362 0.9658
0.417449 0.9658
0.417537 0.9659
0.417624 0.9659
0.417711 0.9659
0.417798 0.9659
0.417886 0.966
0.417973 0.966
0.41806 0.966
0.418148 0.9661
0.418235 0.9661
0.418323 0.9661
0.41841 0.9661
0.418498 0.9662
0.418585 0.9662
0.418673 0.9662
0.41876 0.9663
0.418848 0.9663
0.418936 0.9663
0.419024 0.9663
0.419111 0.9664
0.419199 0.9664
0.419287 0.9664
0.419375 0.9665
0.419463 0.9665
0.419551 0.9665
0.419639 0.9665
0.419727 0.9666
0.419815 0.9666
0.419903 0.9666
0.419992 0.9667
0.42008 0.9667
0.420168 0.9667
0.420256 0.9667
0.420345 0.9668
0.420433 0.9668
0.420521 0.9668
0.42061 0.9669
0.420698 0.9669
0.420787 0.9669
0.420875 0.9669
0.420964 0.967
0.421053 0.967
0.421141 0.967
0.42123 0.9671
0.421319 0.9671
0.421407 0.9671
0.421496 0.9671
0.421585 0.9672
0.421674 0.9672
0.421763 0.9672
0.421852 0.9673
0.421941 0.9673
0.42203 0.9673
0.422119 0.9673
0.422208 0.9674
0.422297 0.9674
0.422386 0.9674
0.422476 0.9674
0.422565 0.9675
0.422654 0.9675
0.422744 0.9675
0.422833 0.9676
0.422922 0.9676
0.423012 0.9676
0.423101 0.9676
0.423191 0.9677
0.42328 0.9677
0.42337 0.9677
0.42346 0.9678
0.423549 0.9678
0.423639 0.9678
0.423729 0.9678
0.423819 0.9679
0.423908 0.9679
0.423998 0.9679
0.424088 0.968
0.424178 0.968
0.424268 0.968
0.424358 0.968
0.424448 0.9681
0.424538 0.9681
0.424628 0.9681
0.424719 0.9681
0.424809 0.9682
0.424899 0.9682
0.424989 0.9682
0.42508 0.9683
0.42517 0.9683
0.42526 0.9683
0.425351 0.9683
0.425441 0.9684
0.425532 0.9684
0.425622 0.9684
0.425713 0.9684
0.425804 0.9685
0.425894 0.9685
0.425985 0.9685
0.426076 0.9686
0.426167 0.9686
0.426257 0.9686
0.426348 0.9686
0.426439 0.9687
0.42653 0.9687
0.426621 0.9687
0.426712 0.9687
0.426803 0.9688
0.426894 0.9688
0.426985 0.9688
0.427077 0.9689
0.427168 0.9689
0.427259 0.9689
0.42735 0.9689
0.427442 0.969
0.427533 0.969
0.427625 0.969
0.427716 0.969
0.427807 0.9691
0.427899 0.9691
0.427991 0.9691
0.428082 0.9691
0.428174 0.9692
0.428266 0.9692
0.428357 0.9692
0.428449 0.9693
0.428541 0.9693
0.428633 0.9693
0.428725 0.9693
0.428816 0.9694
0.428908 0.9694
0.429 0.9694
0.429092 0.9694
0.429185 0.9695
0.429277 0.9695
0.429369 0.9695
0.429461 0.9696
0.429553 0.9696
0.429646 0.9696
0.429738 0.9696
0.42983 0.9697
0.429923 0.9697
0.430015 0.9697
0.430108 0.9697
0.4302 0.9698
0.430293 0.9698
0.430385 0.9698
0.430478 0.9698
0.430571 0.9699
0.430663 0.9699
0.430756 0.9699
0.430849 0.9699
0.430942 0.97
0.431034 0.97
0.431127 0.97
0.43122 0.9701
0.431313 0.9701
0.431406 0.9701
0.431499 0.9701
0.431593 0.9702
0.431686 0.9702
0.431779 0.9702
0.431872 0.9702
0.431965 0.9703
0.432059 0.9703
0.432152 0.9703
0.432246 0.9703
0.432339 0.9704
0.432432 0.9704
0.432526 0.9704
0.43262 0.9704
0.432713 0.9705
0.432807 0.9705
0.4329 0.9705
0.432994 0.9705
0.433088 0.9706
0.433182 0.9706
0.433276 0.9706
0.433369 0.9707
0.433463 0.9707
0.433557 0.9707
0.433651 0.9707
0.433745 0.9708
0.433839 0.9708
0.433934 0.9708
0.434028 0.9708
0.434122 0.9709
0.434216 0.9709
0.434311 0.9709
0.434405 0.9709
0.434499 0.971
0.434594 0.971
0.434688 0.971
0.434783 0.971
0.434877 0.9711
0.434972 0.9711
0.435066 0.9711
0.435161 0.9711
0.435256 0.9712
0.43535 0.9712
0.435445 0.9712
0.43554 0.9712
0.435635 0.9713
0.43573 0.9713
0.435825 0.9713
0.43592 0.9713
0.436015 0.9714
0.43611 0.9714
0.436205 0.9714
0.4363 0.9714
0.436395 0.9715
0.436491 0.9715
0.436586 0.9715
0.436681 0.9715
0.436777 0.9716
0.436872 0.9716
0.436967 0.9716
0.437063 0.9716
0.437158 0.9717
0.437254 0.9717
0.43735 0.9717
0.437445 0.9717
0.437541 0.9718
0.437637 0.9718
0.437733 0.9718
0.437828 0.9718
0.437924 0.9719
0.43802 0.9719
0.438116 0.9719
0.438212 0.9719
0.438308 0.972
0.438404 0.972
0.4385 0.972
0.438596 0.972
0.438693 0.9721
0.438789 0.9721
0.438885 0.9721
0.438982 0.9721
0.439078 0.9722
0.439174 0.9722
0.439271 0.9722
0.439367 0.9722
0.439464 0.9723
0.43956 0.9723
0.439657 0.9723
0.439754 0.9723
0.43985 0.9724
0.439947 0.9724
0.440044 0.9724
0.440141 0.9724
0.440238 0.9725
0.440335 0.9725
0.440432 0.9725
0.440529 0.9725
0.440626 0.9726
0.440723 0.9726
0.44082 0.9726
0.440917 0.9726
0.441014 0.9727
0.441112 0.9727
0.441209 0.9727
0.441306 0.9727
0.441404 0.9728
0.441501 0.9728
0.441599 0.9728
0.441696 0.9728
0.441794 0.9729
0.441891 0.9729
0.441989 0.9729
0.442087 0.9729
0.442184 0.973
0.442282 0.973
0.44238 0.973
0.442478 0.973
0.442576 0.9731
0.442674 0.9731
0.442772 0.9731
0.44287 0.9731
0.442968 0.9732
0.443066 0.9732
0.443164 0.9732
0.443262 0.9732
0.443361 0.9732
0.443459 0.9733
0.443557 0.9733
0.443656 0.9733
0.443754 0.9733
0.443853 0.9734
0.443951 0.9734
0.44405 0.9734
0.444148 0.9734
0.444247 0.9735
0.444346 0.9735
0.444444 0.9735
0.444543 0.9735
0.444642 0.9736
0.444741 0.9736
0.44484 0.9736
0.444939 0.9736
0.445038 0.9737
0.445137 0.9737
0.445236 0.9737
0.445335 0.9737
0.445434 0.9737
0.445534 0.9738
0.445633 0.9738
0.445732 0.9738
0.445831 0.9738
0.445931 0.9739
0.44603 0.9739
0.44613 0.9739
0.446229 0.9739
0.446329 0.974
0.446429 0.974
0.446528 0.974
0.446628 0.974
0.446728 0.9741
0.446828 0.9741
0.446927 0.9741
0.447027 0.9741
0.447127 0.9742
0.447227 0.9742
0.447327 0.9742
0.447427 0.9742
0.447527 0.9742
0.447628 0.9743
0.447728 0.9743
0.447828 0.9743
0.447928 0.9743
0.448029 0.9744
0.448129 0.9744
0.448229 0.9744
0.44833 0.9744
0.44843 0.9745
0.448531 0.9745
0.448632 0.9745
0.448732 0.9745
0.448833 0.9745
0.448934 0.9746
0.449035 0.9746
0.449135 0.9746
0.449236 0.9746
0.449337 0.9747
0.449438 0.9747
0.449539 0.9747
0.44964 0.9747
0.449741 0.9748
0.449843 0.9748
0.449944 0.9748
0.450045 0.9748
0.450146 0.9748
0.450248 0.9749
0.450349 0.9749
0.45045 0.9749
0.450552 0.9749
0.450653 0.975
0.450755 0.975
0.450857 0.975
0.450958 0.975
0.45106 0.9751
0.451162 0.9751
0.451264 0.9751
0.451365 0.9751
0.451467 0.9751
0.451569 0.9752
0.451671 0.9752
0.451773 0.9752
0.451875 0.9752
0.451977 0.9753
0.45208 0.9753
0.452182 0.9753
0.452284 0.9753
0.452386 0.9754
0.452489 0.9754
0.452591 0.9754
0.452694 0.9754
0.452796 0.9754
0.452899 0.9755
0.453001 0.9755
0.453104 0.9755
0.453206 0.9755
0.453309 0.9756
0.453412 0.9756
0.453515 0.9756
0.453618 0.9756
0.453721 0.9756
0.453823 0.9757
0.453926 0.9757
0.45403 0.9757
0.454133 0.9757
0.454236 0.9758
0.454339 0.9758
0.454442 0.9758
0.454545 0.9758
0.454649 0.9758
0.454752 0.9759
0.454856 0.9759
0.454959 0.9759
0.455063 0.9759
0.455166 0.976
0.45527 0.976
0.455373 0.976
0.455477 0.976
0.455581 0.976
0.455685 0.9761
0.455789 0.9761
0.455892 0.9761
0.455996 0.9761
0.4561 0.9762
0.456204 0.9762
0.456308 0.9762
0.456413 0.9762
0.456517 0.9762
0.456621 0.9763
0.456725 0.9763
0.45683 0.9763
0.456934 0.9763
0.457038 0.9764
0.457143 0.9764
0.457247 0.9764
0.457352 0.9764
0.457457 0.9764
0.457561 0.9765
0.457666 0.9765
0.457771 0.9765
0.457875 0.9765
0.45798 0.9765
0.458085 0.9766
0.45819 0.9766
0.458295 0.9766
0.4584 0.9766
0.458505 0.9767
0.45861 0.9767
0.458716 0.9767
0.458821 0.9767
0.458926 0.9767
0.459031 0.9768
0.459137 0.9768
0.459242 0.9768
0.459348 0.9768
0.459453 0.9768
0.459559 0.9769
0.459664 0.9769
0.45977 0.9769
0.459876 0.9769
0.459982 0.977
0.460087 0.977
0.460193 0.977
0.460299 0.977
0.460405 0.977
0.460511 0.9771
0.460617 0.9771
0.460723 0.9771
0.460829 0.9771
0.460936 0.9771
0.461042 0.9772
0.461148 0.9772
0.461255 0.9772
0.461361 0.9772
0.461467 0.9773
0.461574 0.9773
0.461681 0.9773
0.461787 0.9773
0.461894 0.9773
0.462 0.9774
0.462107 0.9774
0.462214 0.9774
0.462321 0.9774
0.462428 0.9774
0.462535 0.9775
0.462642 0.9775
0.462749 0.9775
0.462856 0.9775
0.462963 0.9775
0.46307 0.9776
0.463177 0.9776
0.463285 0.9776
0.463392 0.9776
0.463499 0.9777
0.463607 0.9777
0.463714 0.9777
0.463822 0.9777
0.463929 0.9777
0.464037 0.9778
0.464145 0.9778
0.464253 0.9778
0.46436 0.9778
0.464468 0.9778
0.464576 0.9779
0.464684 0.9779
0.464792 0.9779
0.4649 0.9779
0.465008 0.978
0.465116 0.978
0.465224 0.978
0.465333 0.978
0.465441 0.978
0.465549 0.9781
0.465658 0.9781
0.465766 0.9781
0.465875 0.9781
0.465983 0.9781
0.466092 0.9782
0.4662 0.9782
0.466309 0.9782
0.466418 0.9782
0.466527 0.9782
0.466636 0.9783
0.466744 0.9783
0.466853 0.9783
0.466962 0.9783
0.467071 0.9783
0.467181 0.9784
0.46729 0.9784
0.467399 0.9784
0.467508 0.9784
0.467617 0.9784
0.467727 0.9785
0.467836 0.9785
0.467946 0.9785
0.468055 0.9785
0.468165 0.9786
0.468274 0.9786
0.468384 0.9786
0.468494 0.9786
0.468604 0.9786
0.468713 0.9787
0.468823 0.9787
0.468933 0.9787
0.469043 0.9787
0.469153 0.9787
0.469263 0.9788
0.469373 0.9788
0.469484 0.9788
0.469594 0.9788
0.469704 0.9788
0.469814 0.9789
0.469925 0.9789
0.470035 0.9789
0.470146 0.9789
0.470256 0.9789
0.470367 0.979
0.470478 0.979
0.470588 0.979
0.470699 0.979
0.47081 0.979
0.470921 0.9791
0.471032 0.9791
0.471143 0.9791
0.471254 0.9791
0.471365 0.9791
0.471476 0.9792
0.471587 0.9792
0.471698 0.9792
0.471809 0.9792
0.471921 0.9792
0.472032 0.9793
0.472144 0.9793
0.472255 0.9793
0.472367 0.9793
0.472478 0.9793
0.47259 0.9794
0.472701 0.9794
0.472813 0.9794
0.472925 0.9794
0.473037 0.9794
0.473149 0.9794
0.473261 0.9795
0.473373 0.9795
0.473485 0.9795
0.473597 0.9795
0.473709 0.9795
0.473821 0.9796
0.473934 0.9796
0.474046 0.9796
0.474158 0.9796
0.474271 0.9796
0.474383 0.9797
0.474496 0.9797
0.474608 0.9797
0.474721 0.9797
0.474834 0.9797
0.474947 0.9798
0.475059 0.9798
0.475172 0.9798
0.475285 0.9798
0.475398 0.9798
0.475511 0.9799
0.475624 0.9799
0.475737 0.9799
0.475851 0.9799
0.475964 0.9799
0.476077 0.98
0.47619 0.98
0.476304 0.98
0.476417 0.98
0.476531 0.98
0.476644 0.98
0.476758 0.9801
0.476872 0.9801
0.476985 0.9801
0.477099 0.9801
0.477213 0.9801
0.477327 0.9802
0.477441 0.9802
0.477555 0.9802
0.477669 0.9802
0.477783 0.9802
0.477897 0.9803
0.478011 0.9803
0.478126 0.9803
0.47824 0.9803
0.478354 0.9803
0.478469 0.9803
0.478583 0.9804
0.478698 0.9804
0.478813 0.9804
0.478927 0.9804
0.479042 0.9804
0.479157 0.9805
0.479272 0.9805
0.479386 0.9805
0.479501 0.9805
0.479616 0.9805
0.479731 0.9806
0.479846 0.9806
0.479962 0.9806
0.480077 0.9806
0.480192 0.9806
0.480307 0.9806
0.480423 0.9807
0.480538 0.9807
0.480654 0.9807
0.480769 0.9807
0.480885 0.9807
0.481 0.9808
0.481116 0.9808
0.481232 0.9808
0.481348 0.9808
0.481464 0.9808
0.48158 0.9809
0.481696 0.9809
0.481812 0.9809
0.481928 0.9809
0.482044 0.9809
0.48216 0.9809
0.482276 0.981
0.482393 0.981
0.482509 0.981
0.482625 0.981
0.482742 0.981
0.482859 0.9811
0.482975 0.9811
0.483092 0.9811
0.483209 0.9811
0.483325 0.9811
0.483442 0.9811
0.483559 0.9812
0.483676 0.9812
0.483793 0.9812
0.48391 0.9812
0.484027 0.9812
0.484144 0.9813
0.484262 0.9813
0.484379 0.9813
0.484496 0.9813
0.484614 0.9813
0.484731 0.9813
0.484848 0.9814
0.484966 0.9814
0.485084 0.9814
0.485201 0.9814
0.485319 0.9814
0.485437 0.9815
0.485555 0.9815
0.485673 0.9815
0.485791 0.9815
0.485909 0.9815
0.486027 0.9815
0.486145 0.9816
0.486263 0.9816
0.486381 0.9816
0.4865 0.9816
0.486618 0.9816
0.486736 0.9817
0.486855 0.9817
0.486973 0.9817
0.487092 0.9817
0.487211 0.9817
0.487329 0.9817
0.487448 0.9818
0.487567 0.9818
0.487686 0.9818
0.487805 0.9818
0.487924 0.9818
0.488043 0.9819
0.488162 0.9819
0.488281 0.9819
0.4884 0.9819
0.48852 0.9819
0.488639 0.9819
0.488759 0.982
0.488878 0.982
0.488998 0.982
0.489117 0.982
0.489237 0.982
0.489356 0.9821
0.489476 0.9821
0.489596 0.9821
0.489716 0.9821
0.489836 0.9821
0.489956 0.9821
0.490076 0.9822
0.490196 0.9822
0.490316 0.9822
0.490436 0.9822
0.490557 0.9822
0.490677 0.9822
0.490798 0.9823
0.490918 0.9823
0.491039 0.9823
0.491159 0.9823
0.49128 0.9823
0.4914 0.9824
0.491521 0.9824
0.491642 0.9824
0.491763 0.9824
0.491884 0.9824
0.492005 0.9824
0.492126 0.9825
0.492247 0.9825
0.492368 0.9825
0.49249 0.9825
0.492611 0.9825
0.492732 0.9825
0.492854 0.9826
0.492975 0.9826
0.493097 0.9826
0.493218 0.9826
0.49334 0.9826
0.493462 0.9826
0.493583 0.9827
0.493705 0.9827
0.493827 0.9827
0.493949 0.9827
0.494071 0.9827
0.494193 0.9827
0.494315 0.9828
0.494438 0.9828
0.49456 0.9828
0.494682 0.9828
0.494805 0.9828
0.494927 0.9829
0.49505 0.9829
0.495172 0.9829
0.495295 0.9829
0.495417 0.9829
0.49554 0.9829
0.495663 0.983
0.495786 0.983
0.495909 0.983
0.496032 0.983
0.496155 0.983
0.496278 0.983
0.496401 0.9831
0.496524 0.9831
0.496648 0.9831
0.496771 0.9831
0.496894 0.9831
0.497018 0.9831
0.497141 0.9831
0.497265 0.9832
0.497389 0.9832
0.497512 0.9832
0.497636 0.9832
0.49776 0.9832
0.497884 0.9832
0.498008 0.9833
0.498132 0.9833
0.498256 0.9833
0.49838 0.9833
0.498504 0.9833
0.498629 0.9833
0.498753 0.9834
0.498878 0.9834
0.499002 0.9834
0.499127 0.9834
0.499251 0.9834
0.499376 0.9834
0.499501 0.9835
0.499625 0.9835
0.49975 0.9835
0.499875 0.9835
0.5 0.9835
0.500125 0.9835
0.50025 0.9836
0.500375 0.9836
0.500501 0.9836
0.500626 0.9836
0.500751 0.9836
0.500877 0.9836
0.501002 0.9837
0.501128 0.9837
0.501253 0.9837
0.501379 0.9837
0.501505 0.9837
0.50163 0.9837
0.501756 0.9837
0.501882 0.9838
0.502008 0.9838
0.502134 0.9838
0.50226 0.9838
0.502386 0.9838
0.502513 0.9838
0.502639 0.9839
0.502765 0.9839
0.502892 0.9839
0.503018 0.9839
0.503145 0.9839
0.503271 0.9839
0.503398 0.984
0.503525 0.984
0.503651 0.984
0.503778 0.984
0.503905 0.984
0.504032 0.984
0.504159 0.984
0.504286 0.9841
0.504414 0.9841
0.504541 0.9841
0.504668 0.9841
0.504796 0.9841
0.504923 0.9841
0.50505 0.9842
0.505178 0.9842
0.505306 0.9842
0.505433 0.9842
0.505561 0.9842
0.505689 0.9842
0.505817 0.9843
0.505945 0.9843
0.506073 0.9843
0.506201 0.9843
0.506329 0.9843
0.506457 0.9843
0.506586 0.9844
0.506714 0.9844
0.506842 0.9844
0.506971 0.9844
0.507099 0.9844
0.507228 0.9844
0.507357 0.9844
0.507485 0.9845
0.507614 0.9845
0.507743 0.9845
0.507872 0.9845
0.508001 0.9845
0.50813 0.9845
0.508259 0.9846
0.508388 0.9846
0.508518 0.9846
0.508647 0.9846
0.508776 0.9846
0.508906 0.9846
0.509035 0.9847
0.509165 0.9847
0.509295 0.9847
0.509424 0.9847
0.509554 0.9847
0.509684 0.9847
0.509814 0.9847
0.509944 0.9848
0.510074 0.9848
0.510204 0.9848
0.510334 0.9848
0.510465 0.9848
0.510595 0.9848
0.510725 0.9849
0.510856 0.9849
0.510986 0.9849
0.511117 0.9849
0.511247 0.9849
0.511378 0.9849
0.511509 0.9849
0.51164 0.985
0.511771 0.985
0.511902 0.985
0.512033 0.985
0.512164 0.985
0.512295 0.985
0.512426 0.9851
0.512558 0.9851
0.512689 0.9851
0.512821 0.9851
0.512952 0.9851
0.513084 0.9851
0.513215 0.9851
0.513347 0.9852
0.513479 0.9852
0.513611 0.9852
0.513743 0.9852
0.513875 0.9852
0.514007 0.9852
0.514139 0.9853
0.514271 0.9853
0.514403 0.9853
0.514536 0.9853
0.514668 0.9853
0.5148 0.9853
0.514933 0.9853
0.515066 0.9854
0.515198 0.9854
0.515331 0.9854
0.515464 0.9854
0.515597 0.9854
0.51573 0.9854
0.515863 0.9854
0.515996 0.9855
0.516129 0.9855
0.516262 0.9855
0.516396 0.9855
0.516529 0.9855
0.516662 0.9855
0.516796 0.9856
0.516929 0.9856
0.517063 0.9856
0.517197 0.9856
0.517331 0.9856
0.517464 0.9856
0.517598 0.9856
0.517732 0.9857
0.517866 0.9857
0.518001 0.9857
0.518135 0.9857
0.518269 0.9857
0.518403 0.9857
0.518538 0.9857
0.518672 0.9858
0.518807 0.9858
0.518941 0.9858
0.519076 0.9858
0.519211 0.9858
0.519346 0.9858
0.519481 0.9858
0.519615 0.9859
0.519751 0.9859
0.519886 0.9859
0.520021 0.9859
0.520156 0.9859
0.520291 0.9859
0.520427 0.9859
0.520562 0.986
0.520698 0.986
0.520833 0.986
0.520969 0.986
0.521105 0.986
0.521241 0.986
0.521376 0.986
0.521512 0.9861
0.521648 0.9861
0.521784 0.9861
0.521921 0.9861
0.522057 0.9861
0.522193 0.9861
0.52233 0.9861
0.522466 0.9862
0.522603 0.9862
0.522739 0.9862
0.522876 0.9862
0.523013 0.9862
0.523149 0.9862
0.523286 0.9862
0.523423 0.9863
0.52356 0.9863
0.523697 0.9863
0.523834 0.9863
0.523972 0.9863
0.524109 0.9863
0.524246 0.9863
0.524384 0.9863
0.524521 0.9864
0.524659 0.9864
0.524797 0.9864
0.524934 0.9864
0.525072 0.9864
0.52521 0.9864
0.525348 0.9864
0.525486 0.9865
0.525624 0.9865
0.525762 0.9865
0.525901 0.9865
0.526039 0.9865
0.526177 0.9865
0.526316 0.9865
0.526454 0.9866
0.526593 0.9866
0.526732 0.9866
0.52687 0.9866
0.527009 0.9866
0.527148 0.9866
0.527287 0.9866
0.527426 0.9867
0.527565 0.9867
0.527704 0.9867
0.527844 0.9867
0.527983 0.9867
0.528123 0.9867
0.528262 0.9867
0.528402 0.9867
0.528541 0.9868
0.528681 0.9868
0.528821 0.9868
0.528961 0.9868
0.529101 0.9868
0.529241 0.9868
0.529381 0.9868
0.529521 0.9869
0.529661 0.9869
0.529801 0.9869
0.529942 0.9869
0.530082 0.9869
0.530223 0.9869
0.530363 0.9869
0.530504 0.9869
0.530645 0.987
0.530786 0.987
0.530926 0.987
0.531067 0.987
0.531209 0.987
0.53135 0.987
0.531491 0.987
0.531632 0.9871
0.531773 0.9871
0.531915 0.9871
0.532056 0.9871
0.532198 0.9871
0.53234 0.9871
0.532481 0.9871
0.532623 0.9871
0.532765 0.9872
0.532907 0.9872
0.533049 0.9872
0.533191 0.9872
0.533333 0.9872
0.533476 0.9872
0.533618 0.9872
0.53376 0.9873
0.533903 0.9873
0.534045 0.9873
0.534188 0.9873
0.534331 0.9873
0.534474 0.9873
0.534616 0.9873
0.534759 0.9873
0.534902 0.9874
0.535046 0.9874
0.535189 0.9874
0.535332 0.9874
0.535475 0.9874
0.535619 0.9874
0.535762 0.9874
0.535906 0.9875
0.536049 0.9875
0.536193 0.9875
0.536337 0.9875
0.536481 0.9875
0.536625 0.9875
0.536769 0.9875
0.536913 0.9875
0.537057 0.9876
0.537201 0.9876
0.537346 0.9876
0.53749 0.9876
0.537634 0.9876
0.537779 0.9876
0.537924 0.9876
0.538068 0.9876
0.538213 0.9877
0.538358 0.9877
0.538503 0.9877
0.538648 0.9877
0.538793 0.9877
0.538938 0.9877
0.539084 0.9877
0.539229 0.9877
0.539374 0.9878
0.53952 0.9878
0.539665 0.9878
0.539811 0.9878
0.539957 0.9878
0.540103 0.9878
0.540249 0.9878
0.540394 0.9879
0.540541 0.9879
0.540687 0.9879
0.540833 0.9879
0.540979 0.9879
0.541126 0.9879
0.541272 0.9879
0.541418 0.9879
0.541565 0.988
0.541712 0.988
0.541859 0.988
0.542005 0.988
0.542152 0.988
0.542299 0.988
0.542446 0.988
0.542594 0.988
0.542741 0.9881
0.542888 0.9881
0.543036 0.9881
0.543183 0.9881
0.543331 0.9881
0.543478 0.9881
0.543626 0.9881
0.543774 0.9881
0.543922 0.9882
0.54407 0.9882
0.544218 0.9882
0.544366 0.9882
0.544514 0.9882
0.544662 0.9882
0.544811 0.9882
0.544959 0.9882
0.545108 0.9883
0.545256 0.9883
0.545405 0.9883
0.545554 0.9883
0.545703 0.9883
0.545852 0.9883
0.546001 0.9883
0.54615 0.9883
0.546299 0.9884
0.546448 0.9884
0.546597 0.9884
0.546747 0.9884
0.546896 0.9884
0.547046 0.9884
0.547196 0.9884
0.547345 0.9884
0.547495 0.9885
0.547645 0.9885
0.547795 0.9885
0.547945 0.9885
0.548095 0.9885
0.548246 0.9885
0.548396 0.9885
0.548546 0.9885
0.548697 0.9885
0.548847 0.9886
0.548998 0.9886
0.549149 0.9886
0.5493 0.9886
0.549451 0.9886
0.549602 0.9886
0.549753 0.9886
0.549904 0.9886
0.550055 0.9887
0.550206 0.9887
0.550358 0.9887
0.550509 0.9887
0.550661 0.9887
0.550812 0.9887
0.550964 0.9887
0.551116 0.9887
0.551268 0.9888
0.55142 0.9888
0.551572 0.9888
0.551724 0.9888
0.551876 0.9888
0.552029 0.9888
0.552181 0.9888
0.552334 0.9888
0.552486 0.9888
0.552639 0.9889
0.552792 0.9889
0.552944 0.9889
0.553097 0.9889
0.55325 0.9889
0.553403 0.9889
0.553557 0.9889
0.55371 0.9889
0.553863 0.9889
0.554017 0.989
0.55417 0.989
0.554324 0.989
0.554477 0.989
0.554631 0.989
0.554785 0.989
0.554939 0.989
0.555093 0.989
0.555247 0.9891
0.555401 0.9891
0.555556 0.9891
0.55571 0.9891
0.555864 0.9891
0.556019 0.9891
0.556174 0.9891
0.556328 0.9891
0.556483 0.9891
0.556638 0.9892
0.556793 0.9892
0.556948 0.9892
0.557103 0.9892
0.557258 0.9892
0.557414 0.9892
0.557569 0.9892
0.557724 0.9892
0.55788 0.9892
0.558036 0.9893
0.558191 0.9893
0.558347 0.9893
0.558503 0.9893
0.558659 0.9893
0.558815 0.9893
0.558971 0.9893
0.559128 0.9893
0.559284 0.9893
0.559441 0.9894
0.559597 0.9894
0.559754 0.9894
0.55991 0.9894
0.560067 0.9894
0.560224 0.9894
0.560381 0.9894
0.560538 0.9894
0.560695 0.9894
0.560852 0.9895
0.56101 0.9895
0.561167 0.9895
0.561325 0.9895
0.561482 0.9895
0.56164 0.9895
0.561798 0.9894
0.561956 0.9894
0.562114 0.9894
0.562272 0.9894
0.56243 0.9894
0.562588 0.9894
0.562746 0.9894
0.562905 0.9894
0.563063 0.9894
0.563222 0.9895
0.56338 0.9895
0.563539 0.9895
0.563698 0.9895
0.563857 0.9895
0.564016 0.9894
0.564175 0.9894
0.564334 0.9894
0.564493 0.9894
0.564653 0.9894
0.564812 0.9894
0.564972 0.9894
0.565131 0.9894
0.565291 0.9894
0.565451 0.9895
0.565611 0.9895
0.565771 0.9895
0.565931 0.9896
0.566091 0.9895
0.566251 0.9895
0.566412 0.9894
0.566572 0.9893
0.566733 0.9892
0.566893 0.9892
0.567054 0.9891
0.567215 0.9888
0.567376 0.9886
0.567537 0.9882
0.567698 0.9878
0.567859 0.9873
0.56802 0.9866
0.568182 0.9854
0.568343 0.9841
0.568505 0.983
0.568666 0.9819
0.568828 0.9814
0.56899 0.9807
0.569152 0.9805
0.569314 0.9811
0.569476 0.9812
0.569638 0.9816
0.569801 0.9816
0.569963 0.9813
0.570125 0.982
0.570288 0.9833
0.570451 0.9848
0.570613 0.9863
0.570776 0.987
0.570939 0.9872
0.571102 0.9871
0.571265 0.9868
0.571429 0.9865
0.571592 0.9859
0.571755 0.9851
0.571919 0.984
0.572082 0.9832
0.572246 0.9832
0.57241 0.9838
0.572574 0.9845
0.572738 0.985
0.572902 0.985
0.573066 0.9849
0.57323 0.9853
0.573394 0.9856
0.573559 0.9858
0.573723 0.986
0.573888 0.9856
0.574053 0.9856
0.574218 0.9852
0.574383 0.9844
0.574548 0.9842
0.574713 0.984
0.574878 0.9847
0.575043 0.9856
0.575208 0.9859
0.575374 0.9859
0.57554 0.9855
0.575705 0.9853
0.575871 0.9855
0.576037 0.9857
0.576203 0.9862
0.576369 0.9865
0.576535 0.987
0.576701 0.9874
0.576868 0.9872
0.577034 0.987
0.577201 0.9866
0.577367 0.9864
0.577534 0.9869
0.577701 0.9876
0.577868 0.9882
0.578035 0.9887
0.578202 0.9887
0.578369 0.9887
0.578536 0.9889
0.578704 0.989
0.578871 0.9893
0.579039 0.9894
0.579206 0.9895
0.579374 0.9896
0.579542 0.9895
0.57971 0.9895
0.579878 0.9894
0.580046 0.9894
0.580215 0.9895
0.580383 0.9896
0.580552 0.9896
0.58072 0.9896
0.580889 0.9899
0.581058 0.9899
0.581226 0.99
0.581395 0.9901
0.581564 0.99
0.581734 0.99
0.581903 0.99
0.582072 0.99
0.582242 0.9901
0.582411 0.99
0.582581 0.99
0.582751 0.9899
0.58292 0.9897
0.58309 0.9896
0.58326 0.9895
0.583431 0.9895
0.583601 0.9895
0.583771 0.9895
0.583942 0.9894
0.584112 0.9894
0.584283 0.9894
0.584454 0.9894
0.584624 0.9894
0.584795 0.9893
0.584966 0.9892
0.585137 0.9891
0.585309 0.9891
0.58548 0.9894
0.585652 0.9894
0.585823 0.9895
0.585995 0.9894
0.586167 0.9888
0.586338 0.9885
0.58651 0.9881
0.586682 0.9873
0.586854 0.9869
0.587027 0.9864
0.587199 0.9853
0.587372 0.9842
0.587544 0.9828
0.587717 0.9808
0.587889 0.9791
0.588062 0.977
0.588235 0.9742
0.588408 0.9714
0.588582 0.9688
0.588755 0.9655
0.588928 0.9633
0.589102 0.9628
0.589275 0.9626
0.589449 0.9633
0.589623 0.9638
0.589797 0.9625
0.589971 0.9612
0.590145 0.9617
0.590319 0.9638
0.590493 0.9674
0.590667 0.97
0.590842 0.9713
0.591017 0.9712
0.591191 0.9705
0.591366 0.9708
0.591541 0.9697
0.591716 0.9688
0.591891 0.9683
0.592066 0.966
0.592242 0.9675
0.592417 0.9693
0.592593 0.971
0.592768 0.9749
0.592944 0.976
0.59312 0.9768
0.593296 0.9777
0.593472 0.9775
0.593648 0.9778
0.593824 0.9765
0.594001 0.9743
0.594177 0.9705
0.594354 0.966
0.59453 0.9638
0.594707 0.9615
0.594884 0.963
0.595061 0.9666
0.595238 0.9704
0.595415 0.9744
0.595593 0.9758
0.59577 0.9761
0.595948 0.9761
0.596125 0.9775
0.596303 0.979
0.596481 0.9792
0.596659 0.9783
0.596837 0.976
0.597015 0.9752
0.597193 0.9764
0.597372 0.9776
0.59755 0.979
0.597729 0.9789
0.597907 0.9787
0.598086 0.9798
0.598265 0.9807
0.598444 0.9819
0.598623 0.9824
0.598802 0.982
0.598982 0.9818
0.599161 0.9818
0.599341 0.9824
0.59952 0.9834
0.5997 0.9846
0.59988 0.9854
0.60006 0.986
0.60024 0.9863
0.60042 0.9866
0.600601 0.9871
0.600781 0.9878
0.600962 0.9885
0.601142 0.9888
0.601323 0.989
0.601504 0.989
0.601685 0.989
0.601866 0.9894
0.602047 0.9899
0.602228 0.9904
0.60241 0.9907
0.602591 0.9907
0.602773 0.9907
0.602954 0.9907
0.603136 0.9909
0.603318 0.9911
0.6035 0.9914
0.603682 0.9915
0.603865 0.9916
0.604047 0.9916
0.60423 0.9916
0.604412 0.9916
0.604595 0.9917
0.604778 0.9918
0.604961 0.9919
0.605144 0.992
0.605327 0.992
0.60551 0.992
0.605694 0.9921
0.605877 0.9921
0.606061 0.9921
0.606244 0.9921
0.606428 0.9921
0.606612 0.9922
0.606796 0.9922
0.60698 0.9922
0.607165 0.9922
0.607349 0.9922
0.607533 0.9922
0.607718 0.9922
0.607903 0.9923
0.608088 0.9923
0.608272 0.9923
0.608458 0.9923
0.608643 0.9923
0.608828 0.9923
0.609013 0.9923
0.609199 0.9923
0.609385 0.9923
0.60957 0.9924
0.609756 0.9924
0.609942 0.9924
0.610128 0.9924
0.610314 0.9924
0.610501 0.9924
0.610687 0.9924
0.610874 0.9924
0.61106 0.9924
0.611247 0.9924
0.611434 0.9925
0.611621 0.9925
0.611808 0.9925
0.611995 0.9925
0.612182 0.9925
0.61237 0.9925
0.612557 0.9925
0.612745 0.9925
0.612933 0.9925
0.613121 0.9925
0.613309 0.9925
0.613497 0.9926
0.613685 0.9926
0.613874 0.9926
0.614062 0.9926
0.614251 0.9926
0.614439 0.9926
0.614628 0.9926
0.614817 0.9926
0.615006 0.9926
0.615195 0.9926
0.615385 0.9927
0.615574 0.9927
0.615764 0.9927
0.615953 0.9927
0.616143 0.9927
0.616333 0.9927
0.616523 0.9927
0.616713 0.9927
0.616903 0.9927
0.617094 0.9927
0.617284 0.9927
0.617475 0.9928
0.617665 0.9928
0.617856 0.9928
0.618047 0.9928
0.618238 0.9928
0.618429 0.9928
0.61862 0.9928
0.618812 0.9928
0.619003 0.9928
0.619195 0.9928
0.619387 0.9929
0.619579 0.9929
0.619771 0.9929
0.619963 0.9929
0.620155 0.9929
0.620347 0.9929
0.62054 0.9929
0.620732 0.9929
0.620925 0.9929
0.621118 0.9929
0.621311 0.9929
0.621504 0.993
0.621697 0.993
0.621891 0.993
0.622084 0.993
0.622278 0.993
0.622471 0.993
0.622665 0.993
0.622859 0.993
0.623053 0.993
0.623247 0.993
0.623441 0.993
0.623636 0.9931
0.62383 0.9931
0.624025 0.9931
0.62422 0.9931
0.624415 0.9931
0.62461 0.9931
0.624805 0.9931
0.625 0.9931
0.625195 0.9931
0.625391 0.9931
0.625587 0.9931
0.625782 0.9931
0.625978 0.993
0.626174 0.9927
0.62637 0.9921
0.626566 0.9915
0.626763 0.9907
0.626959 0.9899
0.627156 0.9891
0.627353 0.9871
0.627549 0.9843
0.627746 0.98
0.627943 0.9757
0.628141 0.9745
0.628338 0.9757
0.628536 0.9785
0.628733 0.981
0.628931 0.9822
0.629129 0.9824
0.629327 0.9822
0.629525 0.9822
0.629723 0.9828
0.629921 0.984
0.63012 0.9853
0.630318 0.9865
0.630517 0.9872
0.630716 0.9876
0.630915 0.9879
0.631114 0.9878
0.631313 0.9875
0.631512 0.9869
0.631712 0.9861
0.631912 0.9855
0.632111 0.9855
0.632311 0.9861
0.632511 0.987
0.632711 0.9882
0.632911 0.989
0.633112 0.9895
0.633312 0.9899
0.633513 0.9902
0.633714 0.9904
0.633914 0.9906
0.634115 0.9906
0.634317 0.9902
0.634518 0.9901
0.634719 0.9899
0.634921 0.9899
0.635122 0.9903
0.635324 0.9904
0.635526 0.9907
0.635728 0.9907
0.63593 0.9906
0.636132 0.9907
0.636335 0.9909
0.636537 0.9913
0.63674 0.9913
0.636943 0.9911
0.637146 0.9908
0.637349 0.9907
0.637552 0.9911
0.637755 0.9917
0.637959 0.9921
0.638162 0.9922
0.638366 0.9922
0.63857 0.992
0.638774 0.992
0.638978 0.992
0.639182 0.992
0.639386 0.9923
0.639591 0.9924
0.639795 0.9926
0.64 0.9927
0.640205 0.9926
0.64041 0.9926
0.640615 0.9925
0.64082 0.9925
0.641026 0.9924
0.641231 0.9926
0.641437 0.9926
0.641643 0.9927
0.641849 0.993
0.642055 0.9929
0.642261 0.9927
0.642467 0.9925
0.642673 0.9921
0.64288 0.9918
0.643087 0.9915
0.643294 0.9914
0.643501 0.9914
0.643708 0.9916
0.643915 0.9916
0.644122 0.9914
0.64433 0.9908
0.644538 0.9902
0.644745 0.9899
0.644953 0.9895
0.645161 0.9894
0.645369 0.9888
0.645578 0.9872
0.645786 0.9858
0.645995 0.9837
0.646204 0.9816
0.646412 0.9801
0.646621 0.9786
0.646831 0.9774
0.64704 0.9761
0.647249 0.9744
0.647459 0.9725
0.647668 0.9708
0.647878 0.9701
0.648088 0.9699
0.648298 0.9703
0.648508 0.9708
0.648719 0.972
0.648929 0.9734
0.64914 0.975
0.649351 0.9767
0.649562 0.9785
0.649773 0.9805
0.649984 0.9827
0.650195 0.9849
0.650406 0.9857
0.650618 0.9863
0.65083 0.9864
0.651042 0.9847
0.651254 0.9824
0.651466 0.9786
0.651678 0.9751
0.65189 0.9739
0.652103 0.9758
0.652316 0.9798
0.652529 0.983
0.652741 0.9858
0.652955 0.9865
0.653168 0.9858
0.653381 0.985
0.653595 0.9843
0.653808 0.9843
0.654022 0.9846
0.654236 0.9843
0.65445 0.983
0.654664 0.9822
0.654879 0.9812
0.655093 0.9808
0.655308 0.9811
0.655523 0.9806
0.655738 0.9811
0.655953 0.9812
0.656168 0.982
0.656383 0.9828
0.656599 0.9832
0.656814 0.9841
0.65703 0.9839
0.657246 0.9841
0.657462 0.9848
0.657678 0.9854
0.657895 0.9868
0.658111 0.9872
0.658328 0.9871
0.658545 0.987
0.658762 0.987
0.658979 0.9878
0.659196 0.9891
0.659413 0.9898
0.659631 0.9902
0.659848 0.9902
0.660066 0.9899
0.660284 0.9901
0.660502 0.9906
0.66072 0.9911
0.660939 0.9919
0.661157 0.9923
0.661376 0.9926
0.661594 0.993
0.661813 0.9932
0.662032 0.9933
0.662252 0.9934
0.662471 0.9933
0.662691 0.9932
0.66291 0.993
0.66313 0.993
0.66335 0.9931
0.66357 0.9933
0.66379 0.9934
0.664011 0.9934
0.664231 0.9933
0.664452 0.9932
0.664673 0.9933
0.664894 0.9935
0.665115 0.9936
0.665336 0.9939
0.665557 0.994
0.665779 0.994
0.666001 0.994
0.666223 0.9939
0.666445 0.994
0.666667 0.994
0.666889 0.9941
0.667111 0.9943
0.667334 0.9944
0.667557 0.9945
0.66778 0.9946
0.668003 0.9946
0.668226 0.9947
0.668449 0.9947
0.668673 0.9947
0.668896 0.9947
0.66912 0.9948
0.669344 0.9948
0.669568 0.9948
0.669792 0.9948
0.670017 0.9948
0.670241 0.9948
0.670466 0.9949
0.670691 0.9949
0.670916 0.9949
0.671141 0.9949
0.671366 0.9949
0.671592 0.9949
0.671817 0.9949
0.672043 0.9949
0.672269 0.995
0.672495 0.995
0.672721 0.995
0.672948 0.995
0.673174 0.995
0.673401 0.995
0.673627 0.995
0.673854 0.995
0.674082 0.995
0.674309 0.995
0.674536 0.995
0.674764 0.995
0.674992 0.995
0.675219 0.995
0.675447 0.9951
0.675676 0.9951
0.675904 0.9951
0.676133 0.9951
0.676361 0.9951
0.67659 0.9951
0.676819 0.9951
0.677048 0.9951
0.677277 0.9951
0.677507 0.9951
0.677736 0.9951
0.677966 0.9951
0.678196 0.9951
0.678426 0.9951
0.678656 0.9951
0.678887 0.9951
0.679117 0.9951
0.679348 0.995
0.679579 0.9949
0.67981 0.9948
0.680041 0.9947
0.680272 0.9946
0.680504 0.9946
0.680735 0.9945
0.680967 0.9944
0.681199 0.9942
0.681431 0.9941
0.681663 0.9941
0.681896 0.9941
0.682128 0.9941
0.682361 0.9939
0.682594 0.9938
0.682827 0.9937
0.68306 0.9937
0.683293 0.9939
0.683527 0.9938
0.683761 0.9936
0.683995 0.9932
0.684229 0.9929
0.684463 0.9928
0.684697 0.993
0.684932 0.9932
0.685166 0.9934
0.685401 0.9934
0.685636 0.9932
0.685871 0.9929
0.686106 0.9912
0.686342 0.9864
0.686577 0.9768
0.686813 0.9578
0.687049 0.926
0.687285 0.9003
0.687521 0.8957
0.687758 0.9113
0.687994 0.9323
0.688231 0.947
0.688468 0.9526
0.688705 0.9503
0.688942 0.9455
0.68918 0.9405
0.689417 0.9391
0.689655 0.9427
0.689893 0.9465
0.690131 0.9513
0.690369 0.955
0.690608 0.9581
0.690846 0.9612
0.691085 0.964
0.691324 0.9668
0.691563 0.9689
0.691802 0.97
0.692042 0.9698
0.692281 0.9688
0.692521 0.9655
0.692761 0.963
0.693001 0.9597
0.693241 0.9564
0.693481 0.9546
0.693722 0.9513
0.693963 0.9498
0.694203 0.9485
0.694444 0.9496
0.694686 0.9534
0.694927 0.9548
0.695169 0.9561
0.69541 0.9562
0.695652 0.955
0.695894 0.9559
0.696136 0.9605
0.696379 0.9673
0.696621 0.9735
0.696864 0.9792
0.697107 0.9815
0.69735 0.9812
0.697593 0.9808
0.697837 0.9792
0.69808 0.9768
0.698324 0.9736
0.698568 0.9687
0.698812 0.9615
0.699056 0.9573
0.699301 0.9553
0.699545 0.956
0.69979 0.9607
0.700035 0.9603
0.70028 0.9604
0.700525 0.9583
0.700771 0.955
0.701016 0.9558
0.701262 0.9559
0.701508 0.9577
0.701754 0.9579
0.702001 0.9587
0.702247 0.9583
0.702494 0.9589
0.702741 0.9633
0.702988 0.9682
0.703235 0.9746
0.703482 0.9783
0.70373 0.9791
0.703977 0.9774
0.704225 0.9751
0.704473 0.9739
0.704722 0.9719
0.70497 0.9705
0.705219 0.9683
0.705467 0.9664
0.705716 0.9674
0.705965 0.9681
0.706215 0.9694
0.706464 0.9705
0.706714 0.9707
0.706964 0.9716
0.707214 0.9716
0.707464 0.9709
0.707714 0.971
0.707965 0.9719
0.708215 0.974
0.708466 0.9768
0.708717 0.9786
0.708968 0.9792
0.70922 0.979
0.709471 0.9779
0.709723 0.9761
0.709975 0.9745
0.710227 0.9733
0.71048 0.9734
0.710732 0.9746
0.710985 0.9767
0.711238 0.9788
0.711491 0.9809
0.711744 0.9824
0.711997 0.9833
0.712251 0.9835
0.712504 0.9823
0.712758 0.9811
0.713012 0.9794
0.713267 0.9786
0.713521 0.9786
0.713776 0.9785
0.714031 0.978
0.714286 0.9766
0.714541 0.9744
0.714796 0.9726
0.715052 0.9715
0.715308 0.9707
0.715564 0.9707
0.71582 0.9687
0.716076 0.9648
0.716332 0.9588
0.716589 0.9485
0.716846 0.9364
0.717103 0.9227
0.71736 0.9098
0.717618 0.902
0.717875 0.8982
0.718133 0.8965
0.718391 0.8967
0.718649 0.8923
0.718907 0.8881
0.719166 0.887
0.719424 0.8783
0.719683 0.876
0.719942 0.8727
0.720202 0.8724
0.720461 0.8843
0.720721 0.9011
0.720981 0.9204
0.721241 0.9343
0.721501 0.9466
0.721761 0.9517
0.722022 0.9558
0.722282 0.9598
0.722543 0.9578
0.722804 0.9534
0.723066 0.9433
0.723327 0.9286
0.723589 0.9149
0.723851 0.9086
0.724113 0.9079
0.724375 0.9094
0.724638 0.9107
0.7249 0.9122
0.725163 0.913
0.725426 0.9129
0.725689 0.9158
0.725953 0.9119
0.726216 0.9112
0.72648 0.9127
0.726744 0.9132
0.727008 0.9161
0.727273 0.9116
0.727537 0.9052
0.727802 0.9036
0.728067 0.9104
0.728332 0.9222
0.728597 0.9306
0.728863 0.9298
0.729129 0.9238
0.729395 0.9181
0.729661 0.9155
0.729927 0.9186
0.730193 0.9213
0.73046 0.9201
0.730727 0.9205
0.730994 0.9205
0.731261 0.9182
0.731529 0.9248
0.731797 0.9319
0.732064 0.9408
0.732332 0.9531
0.732601 0.9584
0.732869 0.9605
0.733138 0.9622
0.733407 0.9632
0.733676 0.9662
0.733945 0.9707
0.734214 0.9724
0.734484 0.9724
0.734754 0.9711
0.735024 0.9685
0.735294 0.9674
0.735565 0.9652
0.735835 0.963
0.736106 0.9616
0.736377 0.9594
0.736648 0.9605
0.73692 0.9637
0.737191 0.9666
0.737463 0.971
0.737735 0.9728
0.738007 0.9735
0.73828 0.9744
0.738552 0.9738
0.738825 0.9759
0.739098 0.9765
0.739372 0.9772
0.739645 0.9795
0.739919 0.9802
0.740192 0.9831
0.740466 0.9851
0.740741 0.986
0.741015 0.9868
0.74129 0.9869
0.741565 0.9876
0.74184 0.9878
0.742115 0.9883
0.742391 0.9886
0.742666 0.9891
0.742942 0.9904
0.743218 0.9918
0.743494 0.9927
0.743771 0.9932
0.744048 0.9933
0.744325 0.9932
0.744602 0.9937
0.744879 0.9942
0.745156 0.9944
0.745434 0.9947
0.745712 0.9949
0.74599 0.9951
0.746269 0.9953
0.746547 0.9954
0.746826 0.9954
0.747105 0.9954
0.747384 0.9956
0.747664 0.9958
0.747943 0.9959
0.748223 0.9961
0.748503 0.9962
0.748783 0.9963
0.749064 0.9964
0.749344 0.9964
0.749625 0.9963
0.749906 0.9962
0.750188 0.996
0.750469 0.9959
0.750751 0.9959
0.751033 0.996
0.751315 0.9962
0.751597 0.9964
0.75188 0.9965
0.752162 0.9966
0.752445 0.9967
0.752729 0.9967
0.753012 0.9968
0.753296 0.9968
0.753579 0.9968
0.753864 0.9969
0.754148 0.9969
0.754432 0.9969
0.754717 0.9969
0.755002 0.9969
0.755287 0.9969
0.755572 0.9969
0.755858 0.9969
0.756144 0.9969
0.75643 0.9969
0.756716 0.9969
0.757002 0.9969
0.757289 0.9968
0.757576 0.9967
0.757863 0.9965
0.75815 0.9961
0.758438 0.9952
0.758725 0.9865
0.759013 0.9623
0.759301 0.9178
0.75959 0.843
0.759878 0.7478
0.760167 0.6581
0.760456 0.5965
0.760746 0.5848
0.761035 0.6214
0.761325 0.6864
0.761615 0.7517
0.761905 0.8018
0.762195 0.8199
0.762486 0.8069
0.762776 0.7857
0.763068 0.7638
0.763359 0.7525
0.76365 0.7624
0.763942 0.7776
0.764234 0.7919
0.764526 0.8161
0.764818 0.8333
0.765111 0.8525
0.765404 0.8743
0.765697 0.8886
0.76599 0.9069
0.766284 0.9201
0.766577 0.9326
0.766871 0.9438
0.767165 0.9523
0.76746 0.9609
0.767754 0.967
0.768049 0.9727
0.768344 0.9771
0.76864 0.9806
0.768935 0.9838
0.769231 0.9859
0.769527 0.9884
0.769823 0.9902
0.770119 0.9919
0.770416 0.9935
0.770713 0.9944
0.77101 0.9953
0.771307 0.9956
0.771605 0.9959
0.771903 0.996
0.772201 0.9961
0.772499 0.9962
0.772798 0.9962
0.773096 0.9964
0.773395 0.9965
0.773694 0.9966
0.773994 0.9967
0.774293 0.9968
0.774593 0.9968
0.774893 0.9969
0.775194 0.997
0.775494 0.997
0.775795 0.9971
0.776096 0.9971
0.776398 0.9971
0.776699 0.9971
0.777001 0.9971
0.777303 0.997
0.777605 0.997
0.777907 0.997
0.77821 0.997
0.778513 0.997
0.778816 0.997
0.77912 0.9969
0.779423 0.9968
0.779727 0.9968
0.780031 0.9968
0.780336 0.9968
0.78064 0.9969
0.780945 0.997
0.78125 0.9971
0.781555 0.9971
0.781861 0.997
0.782167 0.997
0.782473 0.9969
0.782779 0.9969
0.783085 0.9969
0.783392 0.9968
0.783699 0.9968
0.784006 0.9966
0.784314 0.9963
0.784621 0.9958
0.784929 0.9952
0.785238 0.995
0.785546 0.9946
0.785855 0.9938
0.786164 0.9926
0.786473 0.9907
0.786782 0.9888
0.787092 0.9874
0.787402 0.9863
0.787712 0.9856
0.788022 0.9847
0.788333 0.9832
0.788644 0.9808
0.788955 0.9774
0.789266 0.975
0.789578 0.9726
0.789889 0.9731
0.790201 0.9741
0.790514 0.975
0.790826 0.9767
0.791139 0.9759
0.791452 0.9768
0.791766 0.9774
0.792079 0.9775
0.792393 0.9786
0.792707 0.9796
0.793021 0.9813
0.793336 0.9841
0.793651 0.9873
0.793966 0.989
0.794281 0.9895
0.794597 0.989
0.794913 0.9872
0.795229 0.9844
0.795545 0.9804
0.795862 0.9757
0.796178 0.9709
0.796495 0.9686
0.796813 0.971
0.79713 0.9747
0.797448 0.9793
0.797766 0.9824
0.798085 0.9831
0.798403 0.9827
0.798722 0.9818
0.799041 0.9811
0.799361 0.9799
0.79968 0.9788
0.8 0.9766
0.80032 0.9748
0.800641 0.9739
0.800961 0.9737
0.801282 0.9755
0.801603 0.9753
0.801925 0.9754
0.802246 0.9748
0.802568 0.9733
0.80289 0.974
0.803213 0.9757
0.803536 0.9768
0.803859 0.9776
0.804182 0.9785
0.804505 0.9787
0.804829 0.9809
0.805153 0.984
0.805477 0.9855
0.805802 0.9871
0.806127 0.9873
0.806452 0.9871
0.806777 0.9876
0.807103 0.9874
0.807428 0.9874
0.807754 0.9865
0.808081 0.9854
0.808407 0.9848
0.808734 0.9836
0.809061 0.9831
0.809389 0.9823
0.809717 0.9811
0.810045 0.9805
0.810373 0.9793
0.810701 0.9773
0.81103 0.9752
0.811359 0.9723
0.811688 0.9692
0.812018 0.9681
0.812348 0.9655
0.812678 0.9622
0.813008 0.9595
0.813339 0.953
0.81367 0.9492
0.814001 0.9481
0.814332 0.9447
0.814664 0.9433
0.814996 0.9395
0.815328 0.9339
0.815661 0.9267
0.815993 0.9209
0.816327 0.9154
0.81666 0.9142
0.816993 0.9161
0.817327 0.9165
0.817661 0.9192
0.817996 0.9163
0.818331 0.918
0.818666 0.9227
0.819001 0.9239
0.819336 0.9293
0.819672 0.9361
0.820008 0.9439
0.820345 0.9547
0.820681 0.9636
0.821018 0.9667
0.821355 0.9654
0.821693 0.9608
0.82203 0.9493
0.822368 0.9331
0.822707 0.9146
0.823045 0.9004
0.823384 0.9049
0.823723 0.9217
0.824063 0.9415
0.824402 0.9559
0.824742 0.9643
0.825082 0.9678
0.825423 0.9666
0.825764 0.9641
0.826105 0.9632
0.826446 0.9627
0.826788 0.9624
0.82713 0.9598
0.827472 0.9523
0.827815 0.9464
0.828157 0.9424
0.8285 0.9424
0.828844 0.9466
0.829187 0.9486
0.829531 0.9517
0.829876 0.954
0.83022 0.9556
0.830565 0.9574
0.83091 0.9579
0.831255 0.9572
0.831601 0.9567
0.831947 0.9567
0.832293 0.9578
0.832639 0.9602
0.832986 0.9612
0.833333 0.9617
0.833681 0.9636
0.834028 0.9664
0.834376 0.9706
0.834725 0.9745
0.835073 0.9757
0.835422 0.9757
0.835771 0.9742
0.83612 0.9726
0.83647 0.9719
0.83682 0.9707
0.83717 0.9722
0.837521 0.9736
0.837872 0.974
0.838223 0.9767
0.838574 0.9765
0.838926 0.9769
0.839278 0.9794
0.839631 0.9794
0.839983 0.9801
0.840336 0.9803
0.840689 0.9786
0.841043 0.9773
0.841397 0.9776
0.841751 0.9783
0.842105 0.9799
0.84246 0.9831
0.842815 0.9849
0.84317 0.9863
0.843526 0.9878
0.843882 0.9885
0.844238 0.9891
0.844595 0.9895
0.844951 0.9901
0.845309 0.9904
0.845666 0.9911
0.846024 0.9917
0.846382 0.9921
0.84674 0.9933
0.847099 0.9932
0.847458 0.9931
0.847817 0.9921
0.848176 0.9906
0.848536 0.9905
0.848896 0.9904
0.849257 0.9909
0.849618 0.9908
0.849979 0.9905
0.85034 0.9896
0.850702 0.9886
0.851064 0.988
0.851426 0.9869
0.851789 0.9875
0.852152 0.9881
0.852515 0.9892
0.852878 0.9905
0.853242 0.9906
0.853606 0.9905
0.853971 0.9903
0.854336 0.9904
0.854701 0.9909
0.855066 0.9916
0.855432 0.9924
0.855798 0.9931
0.856164 0.9942
0.856531 0.9947
0.856898 0.995
0.857265 0.9952
0.857633 0.9952
0.858001 0.9957
0.858369 0.9962
0.858738 0.9966
0.859107 0.997
0.859476 0.9971
0.859845 0.9974
0.860215 0.9975
0.860585 0.9976
0.860956 0.9976
0.861326 0.9976
0.861698 0.9977
0.862069 0.9979
0.862441 0.9979
0.862813 0.9979
0.863185 0.9979
0.863558 0.9979
0.863931 0.998
0.864304 0.9981
0.864678 0.9981
0.865052 0.9982
0.865426 0.9982
0.865801 0.9982
0.866176 0.9982
0.866551 0.9982
0.866927 0.9982
0.867303 0.9981
0.867679 0.9981
0.868056 0.9981
0.868432 0.9981
0.86881 0.9982
0.869187 0.9982
0.869565 0.9981
0.869943 0.9981
0.870322 0.9981
0.870701 0.9981
0.87108 0.9981
0.87146 0.9981
0.87184 0.9982
0.87222 0.9982
0.8726 0.9982
0.872981 0.9981
0.873362 0.998
0.873744 0.9979
0.874126 0.9979
0.874508 0.9979
0.874891 0.9979
0.875274 0.9979
0.875657 0.9978
0.87604 0.9976
0.876424 0.9975
0.876808 0.9975
0.877193 0.9974
0.877578 0.9973
0.877963 0.997
0.878349 0.9965
0.878735 0.9965
0.879121 0.9964
0.879507 0.9963
0.879894 0.9962
0.880282 0.9957
0.880669 0.9955
0.881057 0.9952
0.881446 0.9949
0.881834 0.995
0.882223 0.9948
0.882613 0.9949
0.883002 0.9951
0.883392 0.995
0.883783 0.9951
0.884173 0.9953
0.884564 0.9953
0.884956 0.9945
0.885347 0.9937
0.88574 0.9925
0.886132 0.9916
0.886525 0.9925
0.886918 0.9927
0.887311 0.9932
0.887705 0.9936
0.888099 0.9931
0.888494 0.9934
0.888889 0.9937
0.889284 0.9935
0.88968 0.993
0.890076 0.9923
0.890472 0.9917
0.890869 0.9906
0.891266 0.9897
0.891663 0.9883
0.892061 0.9845
0.892459 0.9803
0.892857 0.9752
0.893256 0.9685
0.893655 0.9646
0.894055 0.9605
0.894454 0.953
0.894855 0.9462
0.895255 0.9358
0.895656 0.9224
0.896057 0.914
0.896459 0.9013
0.896861 0.8926
0.897263 0.8908
0.897666 0.8852
0.898069 0.8799
0.898473 0.8715
0.898876 0.8585
0.899281 0.8488
0.899685 0.8525
0.90009 0.8533
0.900495 0.8506
0.900901 0.8509
0.901307 0.8452
0.901713 0.8427
0.90212 0.8466
0.902527 0.8575
0.902935 0.8769
0.903342 0.8988
0.903751 0.9203
0.904159 0.9301
0.904568 0.9339
0.904977 0.9353
0.905387 0.9288
0.905797 0.9233
0.906208 0.9091
0.906618 0.8913
0.907029 0.8741
0.907441 0.8575
0.907853 0.8562
0.908265 0.8508
0.908678 0.8534
0.909091 0.8518
0.909504 0.8474
0.909918 0.8504
0.910332 0.8554
0.910747 0.8619
0.911162 0.8707
0.911577 0.8776
0.911993 0.87
0.912409 0.8633
0.912825 0.8476
0.913242 0.8308
0.913659 0.8369
0.914077 0.8467
0.914495 0.8567
0.914913 0.8637
0.915332 0.8593
0.915751 0.8569
0.91617 0.8626
0.91659 0.8647
0.917011 0.8694
0.917431 0.8665
0.917852 0.867
0.918274 0.8783
0.918695 0.8889
0.919118 0.9081
0.91954 0.9184
0.919963 0.9256
0.920387 0.9304
0.92081 0.9266
0.921234 0.9254
0.921659 0.9239
0.922084 0.9249
0.922509 0.9271
0.922935 0.9253
0.923361 0.9185
0.923788 0.91
0.924214 0.9034
0.924642 0.9015
0.925069 0.9022
0.925497 0.9049
0.925926 0.9067
0.926355 0.902
0.926784 0.897
0.927214 0.8845
0.927644 0.869
0.928074 0.8574
0.928505 0.8458
0.928936 0.8333
0.929368 0.8167
0.9298 0.7915
0.930233 0.7661
0.930665 0.7365
0.931099 0.7092
0.931532 0.6849
0.931966 0.6539
0.932401 0.6359
0.932836 0.6092
0.933271 0.5786
0.933707 0.5459
0.934143 0.5185
0.934579 0.4993
0.935016 0.5122
0.935454 0.5264
0.935891 0.5206
0.93633 0.5363
0.936768 0.5298
0.937207 0.5311
0.937647 0.5622
0.938086 0.5963
0.938527 0.6573
0.938967 0.7156
0.939408 0.764
0.93985 0.7862
0.940291 0.7883
0.940734 0.7858
0.941176 0.767
0.94162 0.7436
0.942063 0.7148
0.942507 0.6845
0.942951 0.6454
0.943396 0.6263
0.943841 0.6278
0.944287 0.62
0.944733 0.6392
0.94518 0.6525
0.945626 0.6474
0.946074 0.6542
0.946522 0.6643
0.94697 0.6684
0.947418 0.6822
0.947867 0.6987
0.948317 0.6986
0.948767 0.7002
0.949217 0.6963
0.949668 0.685
0.950119 0.7004
0.95057 0.7214
0.951022 0.737
0.951475 0.7381
0.951928 0.7135
0.952381 0.6977
0.952835 0.7056
0.953289 0.7257
0.953743 0.7518
0.954198 0.7543
0.954654 0.7383
0.95511 0.7306
0.955566 0.7182
0.956023 0.7243
0.95648 0.752
0.956938 0.768
0.957396 0.7978
0.957854 0.8129
0.958313 0.807
0.958773 0.8078
0.959233 0.7947
0.959693 0.7877
0.960154 0.791
0.960615 0.7885
0.961076 0.7848
0.961538 0.7834
0.962001 0.7903
0.962464 0.7974
0.962927 0.8148
0.963391 0.8303
0.963855 0.8313
0.96432 0.8359
0.964785 0.8358
0.965251 0.8321
0.965717 0.8319
0.966184 0.8341
0.966651 0.8436
0.967118 0.8622
0.967586 0.8897
0.968054 0.9086
0.968523 0.9212
0.968992 0.9282
0.969462 0.9294
0.969932 0.9315
0.970403 0.9305
0.970874 0.9322
0.971345 0.93
0.971817 0.9266
0.97229 0.924
0.972763 0.916
0.973236 0.9102
0.97371 0.9008
0.974184 0.8934
0.974659 0.8873
0.975134 0.8826
0.97561 0.8879
0.976086 0.8958
0.976562 0.9063
0.97704 0.9175
0.977517 0.9208
0.977995 0.9175
0.978474 0.9158
0.978953 0.916
0.979432 0.9214
0.979912 0.9341
0.980392 0.9433
0.980873 0.9483
0.981354 0.9482
0.981836 0.9446
0.982318 0.9432
0.982801 0.9464
0.983284 0.9544
0.983768 0.961
0.984252 0.9659
0.984737 0.9693
0.985222 0.9725
0.985707 0.9773
0.986193 0.9809
0.98668 0.9833
0.987167 0.9845
0.987654 0.9843
0.988142 0.9853
0.988631 0.9856
0.98912 0.9857
0.989609 0.9866
0.990099 0.9866
0.990589 0.9882
0.99108 0.9897
0.991572 0.99
0.992063 0.9905
0.992556 0.9906
0.993049 0.9908
0.993542 0.9924
0.994036 0.9937
0.99453 0.9945
0.995025 0.9956
0.99552 0.9954
0.996016 0.9955
0.996512 0.9952
0.997009 0.9943
0.997506 0.9939
0.998004 0.9928
0.998502 0.9923
0.999001 0.9923
0.9995 0.9922
1 0.9927
1.0005 0.9918
1.001 0.9896
1.0015 0.9869
1.002 0.9848
1.00251 0.9843
1.00301 0.9859
1.00351 0.9879
1.00402 0.9887
1.00452 0.9897
1.00503 0.9899
1.00553 0.9897
1.00604 0.9903
1.00654 0.9898
1.00705 0.9894
1.00756 0.9883
1.00806 0.9854
1.00857 0.9828
1.00908 0.9802
1.00959 0.9797
1.0101 0.9825
1.01061 0.9853
1.01112 0.9881
1.01163 0.9896
1.01215 0.9902
1.01266 0.9913
1.01317 0.9919
1.01368 0.9927
1.0142 0.9926
1.01471 0.9923
1.01523 0.9927
1.01574 0.9927
1.01626 0.9935
1.01678 0.9937
1.01729 0.9939
1.01781 0.9936
1.01833 0.993
1.01885 0.9921
1.01937 0.991
1.01989 0.9916
1.02041 0.9917
1.02093 0.9927
1.02145 0.9931
1.02197 0.9922
1.02249 0.9908
1.02302 0.9889
1.02354 0.9878
1.02407 0.9878
1.02459 0.9896
1.02512 0.9914
1.02564 0.9925
1.02617 0.993
1.02669 0.9929
1.02722 0.9924
1.02775 0.9924
1.02828 0.993
1.02881 0.9933
1.02934 0.9946
1.02987 0.9955
1.0304 0.9961
1.03093 0.9967
1.03146 0.9969
1.03199 0.9973
1.03252 0.9976
1.03306 0.9978
1.03359 0.998
1.03413 0.9982
1.03466 0.9984
1.0352 0.9985
1.03573 0.9986
1.03627 0.9986
1.03681 0.9987
1.03734 0.9988
1.03788 0.9989
1.03842 0.9989
1.03896 0.9989
1.0395 0.9988
1.04004 0.9988
1.04058 0.9987
1.04112 0.9987
1.04167 0.9988
1.04221 0.9988
1.04275 0.9988
1.0433 0.9989
1.04384 0.9989
1.04439 0.9989
1.04493 0.9989
1.04548 0.9987
1.04603 0.9986
1.04657 0.9986
1.04712 0.9986
1.04767 0.9986
1.04822 0.9985
1.04877 0.9986
1.04932 0.9986
1.04987 0.9986
1.05042 0.9985
1.05097 0.9983
1.05152 0.9981
1.05208 0.998
1.05263 0.9982
1.05319 0.9983
1.05374 0.9982
1.0543 0.998
1.05485 0.9978
1.05541 0.9977
1.05597 0.9979
1.05652 0.9977
1.05708 0.9968
1.05764 0.9958
1.0582 0.9949
1.05876 0.9946
1.05932 0.9954
1.05988 0.9964
1.06045 0.997
1.06101 0.9969
1.06157 0.9964
1.06213 0.9957
1.0627 0.9954
1.06326 0.9955
1.06383 0.995
1.0644 0.9945
1.06496 0.9937
1.06553 0.993
1.0661 0.9931
1.06667 0.9929
1.06724 0.9922
1.06781 0.9907
1.06838 0.9889
1.06895 0.9874
1.06952 0.9867
1.07009 0.9866
1.07066 0.9857
1.07124 0.9841
1.07181 0.9828
1.07239 0.9817
1.07296 0.9805
1.07354 0.9809
1.07411 0.9807
1.07469 0.9809
1.07527 0.9831
1.07585 0.9825
1.07643 0.9809
1.07701 0.9781
1.07759 0.9747
1.07817 0.9749
1.07875 0.9751
1.07933 0.9742
1.07991 0.9705
1.0805 0.9662
1.08108 0.9655
1.08167 0.9661
1.08225 0.9686
1.08284 0.9687
1.08342 0.9642
1.08401 0.9596
1.0846 0.9527
1.08519 0.9487
1.08578 0.9483
1.08637 0.951
1.08696 0.9593
1.08755 0.9626
1.08814 0.9629
1.08873 0.9574
1.08932 0.9484
1.08992 0.9464
1.09051 0.9456
1.09111 0.9483
1.0917 0.948
1.0923 0.941
1.0929 0.932
1.09349 0.925
1.09409 0.918
1.09469 0.9137
1.09529 0.9189
1.09589 0.9187
1.09649 0.92
1.09709 0.9168
1.09769 0.8972
1.0983 0.8778
1.0989 0.8563
1.09951 0.8442
1.10011 0.8465
1.10072 0.8478
1.10132 0.8509
1.10193 0.8519
1.10254 0.8487
1.10314 0.8519
1.10375 0.8554
1.10436 0.8464
1.10497 0.8426
1.10558 0.8323
1.10619 0.8177
1.10681 0.819
1.10742 0.8211
1.10803 0.8243
1.10865 0.8318
1.10926 0.8367
1.10988 0.8366
1.11049 0.8355
1.11111 0.8289
1.11173 0.8139
1.11235 0.7977
1.11297 0.7754
1.11359 0.7564
1.11421 0.7478
1.11483 0.7274
1.11545 0.6972
1.11607 0.6654
1.11669 0.623
1.11732 0.5878
1.11794 0.5611
1.11857 0.5182
1.11919 0.4844
1.11982 0.4649
1.12045 0.4378
1.12108 0.4275
1.1217 0.4003
1.12233 0.3763
1.12296 0.3968
1.1236 0.4051
1.12423 0.424
1.12486 0.4371
1.12549 0.4144
1.12613 0.4105
1.12676 0.4168
1.1274 0.4157
1.12803 0.4222
1.12867 0.4405
1.12931 0.4704
1.12994 0.5203
1.13058 0.5816
1.13122 0.6119
1.13186 0.6098
1.1325 0.5702
1.13314 0.4895
1.13379 0.4035
1.13443 0.3406
1.13507 0.352
1.13572 0.425
1.13636 0.5011
1.13701 0.5798
1.13766 0.6246
1.1383 0.6547
1.13895 0.6772
1.1396 0.6764
1.14025 0.6646
1.1409 0.6437
1.14155 0.6327
1.1422 0.6227
1.14286 0.6124
1.14351 0.5907
1.14416 0.5535
1.14482 0.5244
1.14548 0.5012
1.14613 0.5135
1.14679 0.5261
1.14745 0.555
1.14811 0.5915
1.14877 0.5974
1.14943 0.6073
1.15009 0.6062
1.15075 0.6085
1.15141 0.6276
1.15207 0.638
1.15274 0.652
1.1534 0.6548
1.15407 0.6482
1.15473 0.6628
1.1554 0.677
1.15607 0.7093
1.15674 0.7496
1.15741 0.7761
1.15808 0.8008
1.15875 0.8157
1.15942 0.823
1.16009 0.8322
1.16077 0.8442
1.16144 0.8567
1.16212 0.8725
1.16279 0.8873
1.16347 0.893
1.16414 0.8984
1.16482 0.8992
1.1655 0.8997
1.16618 0.9034
1.16686 0.9035
1.16754 0.906
1.16822 0.9051
1.16891 0.9041
1.16959 0.9079
1.17027 0.9105
1.17096 0.9156
1.17165 0.9177
1.17233 0.9135
1.17302 0.9092
1.17371 0.9047
1.1744 0.9094
1.17509 0.9209
1.17578 0.9274
1.17647 0.9313
1.17716 0.9264
1.17786 0.9166
1.17855 0.9163
1.17925 0.9163
1.17994 0.9141
1.18064 0.9126
1.18133 0.9032
1.18203 0.8937
1.18273 0.8919
1.18343 0.8949
1.18413 0.9003
1.18483 0.9073
1.18554 0.9136
1.18624 0.9097
1.18694 0.9027
1.18765 0.8961
1.18835 0.893
1.18906 0.9014
1.18977 0.9124
1.19048 0.9228
1.19119 0.9291
1.1919 0.9341
1.19261 0.9381
1.19332 0.9362
1.19403 0.9347
1.19474 0.931
1.19546 0.9258
1.19617 0.927
1.19689 0.9249
1.1976 0.9226
1.19832 0.9217
1.19904 0.9162
1.19976 0.9168
1.20048 0.9193
1.2012 0.9209
1.20192 0.9226
1.20265 0.9227
1.20337 0.9207
1.20409 0.9233
1.20482 0.9307
1.20555 0.9381
1.20627 0.9447
1.207 0.9473
1.20773 0.947
1.20846 0.9449
1.20919 0.9413
1.20992 0.9374
1.21065 0.935
1.21139 0.9339
1.21212 0.9353
1.21286 0.9387
1.21359 0.9411
1.21433 0.94
1.21507 0.942
1.21581 0.9464
1.21654 0.9511
1.21729 0.9588
1.21803 0.9625
1.21877 0.9643
1.21951 0.9648
1.22026 0.9648
1.221 0.9656
1.22175 0.9645
1.22249 0.9659
1.22324 0.9667
1.22399 0.9686
1.22474 0.9714
1.22549 0.9725
1.22624 0.974
1.22699 0.9745
1.22775 0.9764
1.2285 0.9796
1.22926 0.982
1.23001 0.9848
1.23077 0.9861
1.23153 0.9866
1.23229 0.9874
1.23305 0.988
1.23381 0.9899
1.23457 0.9916
1.23533 0.9929
1.23609 0.9941
1.23686 0.9946
1.23762 0.9955
1.23839 0.9962
1.23916 0.9968
1.23993 0.9972
1.24069 0.9972
1.24146 0.9973
1.24224 0.9972
1.24301 0.9971
1.24378 0.9969
1.24456 0.9967
1.24533 0.9966
1.24611 0.9964
1.24688 0.9963
1.24766 0.9961
1.24844 0.9959
1.24922 0.9961
1.25 0.9959
1.25078 0.9957
1.25156 0.9959
1.25235 0.9955
1.25313 0.9949
1.25392 0.9942
1.25471 0.9933
1.25549 0.9926
1.25628 0.9921
1.25707 0.9913
1.25786 0.9897
1.25865 0.9877
1.25945 0.9854
1.26024 0.9823
1.26103 0.9788
1.26183 0.9751
1.26263 0.9711
1.26342 0.9687
1.26422 0.9673
1.26502 0.9669
1.26582 0.9665
1.26662 0.9637
1.26743 0.9601
1.26823 0.9559
1.26904 0.954
1.26984 0.9588
1.27065 0.9644
1.27146 0.9684
1.27226 0.9714
1.27307 0.9742
1.27389 0.9767
1.2747 0.9781
1.27551 0.9792
1.27632 0.979
1.27714 0.978
1.27796 0.978
1.27877 0.977
1.27959 0.9766
1.28041 0.9784
1.28123 0.9802
1.28205 0.982
1.28287 0.983
1.2837 0.9824
1.28452 0.9813
1.28535 0.9812
1.28617 0.9788
1.287 0.975
1.28783 0.9698
1.28866 0.963
1.28949 0.9588
1.29032 0.9576
1.29116 0.959
1.29199 0.9607
1.29282 0.9633
1.29366 0.9631
1.2945 0.9577
1.29534 0.9492
1.29618 0.9403
1.29702 0.933
1.29786 0.9297
1.2987 0.9316
1.29955 0.9308
1.30039 0.9291
1.30124 0.9274
1.30208 0.9222
1.30293 0.9148
1.30378 0.907
1.30463 0.9012
1.30548 0.8984
1.30634 0.8964
1.30719 0.8924
1.30804 0.8829
1.3089 0.8765
1.30976 0.8699
1.31062 0.8682
1.31148 0.8687
1.31234 0.853
1.3132 0.8357
1.31406 0.82
1.31492 0.815
1.31579 0.8272
1.31666 0.8392
1.31752 0.8381
1.31839 0.8198
1.31926 0.793
1.32013 0.7631
1.321 0.7513
1.32188 0.7574
1.32275 0.77
1.32363 0.7923
1.3245 0.8023
1.32538 0.7978
1.32626 0.7768
1.32714 0.7337
1.32802 0.6857
1.3289 0.634
1.32979 0.5967
1.33067 0.565
1.33156 0.5427
1.33245 0.5516
1.33333 0.57
1.33422 0.5983
1.33511 0.6179
1.33601 0.626
1.3369 0.6329
1.33779 0.6322
1.33869 0.644
1.33958 0.656
1.34048 0.6641
1.34138 0.6685
1.34228 0.6643
1.34318 0.638
1.34409 0.593
1.34499 0.5376
1.3459 0.463
1.3468 0.3935
1.34771 0.3283
1.34862 0.2699
1.34953 0.2324
1.35044 0.1805
1.35135 0.1442
1.35227 0.1074
1.35318 0.0713
1.3541 0.0545
1.35501 0.0405
1.35593 0.0326
1.35685 0.0266
1.35777 0.0184
1.3587 0.0118
1.35962 0.0058
1.36054 0.0034
1.36147 0.0025
1.3624 0.0022
1.36333 0.0035
1.36426 0.004
1.36519 0.0044
1.36612 0.0052
1.36705 0.0043
1.36799 0.0036
1.36893 0.0037
1.36986 0.0041
1.3708 0.0072
1.37174 0.015
1.37268 0.0297
1.37363 0.0462
1.37457 0.0569
1.37552 0.0627
1.37646 0.0582
1.37741 0.0496
1.37836 0.0361
1.37931 0.0224
1.38026 0.0117
1.38122 0.006
1.38217 0.004
1.38313 0.0038
1.38408 0.0068
1.38504 0.0105
1.386 0.0172
1.38696 0.0265
1.38793 0.0363
1.38889 0.0518
1.38985 0.0594
1.39082 0.0629
1.39179 0.0565
1.39276 0.041
1.39373 0.0296
1.3947 0.022
1.39567 0.0252
1.39665 0.0364
1.39762 0.0496
1.3986 0.0525
1.39958 0.0476
1.40056 0.0459
1.40154 0.0489
1.40252 0.0645
1.40351 0.0746
1.40449 0.0713
1.40548 0.074
1.40647 0.0702
1.40746 0.0708
1.40845 0.0913
1.40944 0.1069
1.41044 0.1406
1.41143 0.1696
1.41243 0.1757
1.41343 0.1889
1.41443 0.1872
1.41543 0.2078
1.41643 0.2336
1.41743 0.2336
1.41844 0.2391
1.41945 0.24
1.42045 0.2514
1.42146 0.2817
1.42248 0.3013
1.42349 0.3052
1.4245 0.3056
1.42552 0.2924
1.42653 0.2957
1.42755 0.3104
1.42857 0.3248
1.42959 0.3412
1.43062 0.343
1.43164 0.3168
1.43266 0.3024
1.43369 0.3011
1.43472 0.2907
1.43575 0.3122
1.43678 0.3216
1.43781 0.3269
1.43885 0.3532
1.43988 0.355
1.44092 0.3638
1.44196 0.368
1.443 0.3596
1.44404 0.367
1.44509 0.3689
1.44613 0.385
1.44718 0.4001
1.44823 0.4015
1.44928 0.3928
1.45033 0.373
1.45138 0.3823
1.45243 0.4083
1.45349 0.4588
1.45455 0.505
1.4556 0.5389
1.45666 0.5685
1.45773 0.5744
1.45879 0.5772
1.45985 0.5549
1.46092 0.5342
1.46199 0.5226
1.46306 0.4945
1.46413 0.4869
1.4652 0.4666
1.46628 0.4391
1.46735 0.4234
1.46843 0.4032
1.46951 0.3727
1.47059 0.362
1.47167 0.398
1.47275 0.446
1.47384 0.5104
1.47493 0.5609
1.47601 0.5582
1.4771 0.5413
1.4782 0.5245
1.47929 0.5062
1.48038 0.5139
1.48148 0.5372
1.48258 0.5577
1.48368 0.5658
1.48478 0.5625
1.48588 0.5608
1.48699 0.5772
1.4881 0.6228
1.4892 0.6769
1.49031 0.7259
1.49142 0.7477
1.49254 0.7539
1.49365 0.7662
1.49477 0.7698
1.49589 0.7835
1.49701 0.8128
1.49813 0.8359
1.49925 0.8592
1.50038 0.873
1.5015 0.8688
1.50263 0.859
1.50376 0.8539
1.50489 0.8583
1.50602 0.8754
1.50716 0.8897
1.5083 0.8976
1.50943 0.9051
1.51057 0.908
1.51172 0.9131
1.51286 0.9169
1.514 0.9182
1.51515 0.9222
1.5163 0.9235
1.51745 0.9275
1.5186 0.9345
1.51976 0.9433
1.52091 0.954
1.52207 0.96
1.52323 0.9618
1.52439 0.9601
1.52555 0.9579
1.52672 0.9587
1.52788 0.9612
1.52905 0.9649
1.53022 0.9681
1.53139 0.9706
1.53257 0.9732
1.53374 0.9749
1.53492 0.9764
1.5361 0.9782
1.53728 0.9798
1.53846 0.9816
1.53965 0.983
1.54083 0.9836
1.54202 0.9841
1.54321 0.9849
1.5444 0.9862
1.5456 0.9884
1.54679 0.9901
1.54799 0.9915
1.54919 0.9923
1.55039 0.9922
1.55159 0.9921
1.5528 0.9921
1.554 0.9926
1.55521 0.9934
1.55642 0.9938
1.55763 0.9942
1.55885 0.9939
1.56006 0.9934
1.56128 0.9928
1.5625 0.9919
1.56372 0.9912
1.56495 0.9899
1.56617 0.9879
1.5674 0.9846
1.56863 0.9798
1.56986 0.9745
1.57109 0.9705
1.57233 0.9694
1.57356 0.9706
1.5748 0.9728
1.57604 0.9742
1.57729 0.9748
1.57853 0.9755
1.57978 0.977
1.58103 0.9796
1.58228 0.9824
1.58353 0.9849
1.58479 0.9873
1.58604 0.989
1.5873 0.9904
1.58856 0.9915
1.58983 0.9915
1.59109 0.991
1.59236 0.9901
1.59363 0.9889
1.5949 0.9874
1.59617 0.9859
1.59744 0.9834
1.59872 0.98
1.6 0.9759
1.60128 0.9726
1.60256 0.972
1.60385 0.9734
1.60514 0.9755
1.60643 0.9762
1.60772 0.9754
1.60901 0.9747
1.61031 0.9752
1.6116 0.9776
1.6129 0.9805
1.61421 0.9831
1.61551 0.9852
1.61681 0.9866
1.61812 0.9887
1.61943 0.9906
1.62075 0.9924
1.62206 0.9939
1.62338 0.9946
1.6247 0.9949
1.62602 0.9952
1.62734 0.9954
1.62866 0.9949
1.62999 0.9942
1.63132 0.993
1.63265 0.9917
1.63399 0.9914
1.63532 0.9904
1.63666 0.9896
1.638 0.9886
1.63934 0.9869
1.64069 0.9862
1.64204 0.9852
1.64339 0.9847
1.64474 0.984
1.64609 0.983
1.64745 0.9829
1.6488 0.982
1.65016 0.9818
1.65153 0.9817
1.65289 0.9812
1.65426 0.9818
1.65563 0.9828
1.657 0.9834
1.65837 0.9842
1.65975 0.9843
1.66113 0.9836
1.66251 0.9829
1.66389 0.9829
1.66528 0.9829
1.66667 0.9839
1.66806 0.9861
1.66945 0.987
1.67084 0.9878
1.67224 0.988
1.67364 0.9869
1.67504 0.9862
1.67645 0.9859
1.67785 0.9863
1.67926 0.9873
1.68067 0.9882
1.68209 0.9887
1.6835 0.9883
1.68492 0.9881
1.68634 0.9867
1.68776 0.9846
1.68919 0.9828
1.69062 0.9807
1.69205 0.9804
1.69348 0.9807
1.69492 0.9807
1.69635 0.9795
1.69779 0.9787
1.69924 0.9785
1.70068 0.9785
1.70213 0.9797
1.70358 0.9778
1.70503 0.975
1.70648 0.9721
1.70794 0.9705
1.7094 0.9711
1.71086 0.9714
1.71233 0.971
1.7138 0.9695
1.71527 0.9702
1.71674 0.9711
1.71821 0.9719
1.71969 0.9687
1.72117 0.961
1.72265 0.9555
1.72414 0.9494
1.72563 0.9526
1.72712 0.9564
1.72861 0.9559
1.7301 0.958
1.7316 0.9518
1.7331 0.9469
1.73461 0.9446
1.73611 0.936
1.73762 0.9342
1.73913 0.9319
1.74064 0.9278
1.74216 0.9263
1.74368 0.9227
1.7452 0.9196
1.74672 0.9148
1.74825 0.9178
1.74978 0.9214
1.75131 0.9193
1.75285 0.9177
1.75439 0.9131
1.75593 0.9073
1.75747 0.9076
1.75901 0.9121
1.76056 0.9065
1.76211 0.8958
1.76367 0.8846
1.76523 0.8655
1.76678 0.8602
1.76835 0.8647
1.76991 0.8613
1.77148 0.8596
1.77305 0.8476
1.77462 0.8209
1.7762 0.7979
1.77778 0.7815
1.77936 0.7657
1.78094 0.7556
1.78253 0.7467
1.78412 0.7341
1.78571 0.7331
1.78731 0.7373
1.78891 0.7326
1.79051 0.7063
1.79211 0.6655
1.79372 0.6246
1.79533 0.5892
1.79695 0.5527
1.79856 0.5116
1.80018 0.4498
1.8018 0.3887
1.80343 0.3639
1.80505 0.3506
1.80668 0.3272
1.80832 0.3098
1.80995 0.2688
1.81159 0.2226
1.81324 0.2005
1.81488 0.1743
1.81653 0.1423
1.81818 0.124
1.81984 0.105
1.82149 0.0905
1.82315 0.0899
1.82482 0.077
1.82648 0.0534
1.82815 0.0364
1.82983 0.0215
1.8315 0.0133
1.83318 0.0098
1.83486 0.0056
1.83655 0.0028
1.83824 0.0019
1.83993 0.0023
1.84162 0.0035
1.84332 0.0053
1.84502 0.0064
1.84672 0.0053
1.84843 0.0042
1.85014 0.0041
1.85185 0.004
1.85357 0.0039
1.85529 0.004
1.85701 0.0044
1.85874 0.0059
1.86047 0.0094
1.8622 0.0145
1.86393 0.0156
1.86567 0.0135
1.86741 0.0075
1.86916 0.0024
1.87091 0.0007
1.87266 0.0004
1.87441 0.0009
1.87617 0.003
1.87793 0.0094
1.8797 0.0185
1.88147 0.0259
1.88324 0.0351
1.88501 0.0389
1.88679 0.0412
1.88857 0.0395
1.89036 0.0327
1.89215 0.0295
1.89394 0.0262
1.89573 0.0238
1.89753 0.0174
1.89934 0.0105
1.90114 0.0065
1.90295 0.0052
1.90476 0.0071
1.90658 0.0106
1.9084 0.0147
1.91022 0.0159
1.91205 0.0173
1.91388 0.0217
1.91571 0.0282
1.91755 0.0435
1.91939 0.0581
1.92123 0.0714
1.92308 0.0873
1.92493 0.0924
1.92678 0.0997
1.92864 0.1077
1.9305 0.1221
1.93237 0.1489
1.93424 0.1735
1.93611 0.196
1.93798 0.2104
1.93986 0.2281
1.94175 0.261
1.94363 0.2877
1.94553 0.3226
1.94742 0.3565
1.94932 0.3864
1.95122 0.4114
1.95312 0.417
1.95503 0.4186
1.95695 0.417
1.95886 0.4274
1.96078 0.4664
1.96271 0.5135
1.96464 0.5786
1.96657 0.6344
1.9685 0.6741
1.97044 0.7072
1.97239 0.7269
1.97433 0.7409
1.97628 0.759
1.97824 0.7769
1.9802 0.7914
1.98216 0.8099
1.98413 0.8183
1.9861 0.8235
1.98807 0.8301
1.99005 0.8294
1.99203 0.8308
1.99402 0.8263
1.99601 0.806
1.998 0.7614
2 0.6912
2.002 0.6238
2.00401 0.592
2.00602 0.5968
2.00803 0.623
2.01005 0.6433
2.01207 0.6491
2.0141 0.651
2.01613 0.6589
2.01816 0.6862
2.0202 0.7327
2.02224 0.7818
2.02429 0.8219
2.02634 0.8526
2.0284 0.871
2.03046 0.8882
2.03252 0.902
2.03459 0.9116
2.03666 0.9183
2.03874 0.9169
2.04082 0.9148
2.0429 0.912
2.04499 0.9059
2.04708 0.8958
2.04918 0.875
2.05128 0.8486
2.05339 0.8293
2.0555 0.8217
2.05761 0.8257
2.05973 0.8352
2.06186 0.8388
2.06398 0.8389
2.06612 0.8401
2.06825 0.8449
2.07039 0.8527
2.07254 0.8709
2.07469 0.8889
2.07684 0.9029
2.079 0.9147
2.08117 0.9223
2.08333 0.9264
2.08551 0.9311
2.08768 0.9356
2.08986 0.9398
2.09205 0.9431
2.09424 0.9433
2.09644 0.9435
2.09864 0.9422
2.10084 0.9455
2.10305 0.9524
2.10526 0.9566
2.10748 0.9613
2.1097 0.9621
2.11193 0.9596
2.11416 0.9583
2.1164 0.9564
2.11864 0.9557
2.12089 0.9579
2.12314 0.9617
2.1254 0.966
2.12766 0.9713
2.12993 0.9765
2.1322 0.9795
2.13447 0.9817
2.13675 0.983
2.13904 0.9835
2.14133 0.9839
2.14362 0.9817
2.14592 0.9755
2.14823 0.9663
2.15054 0.9558
2.15285 0.9479
2.15517 0.9474
2.1575 0.9493
2.15983 0.9506
2.16216 0.952
2.1645 0.9541
2.16685 0.956
2.1692 0.9579
2.17155 0.9599
2.17391 0.9586
2.17628 0.9561
2.17865 0.9535
2.18103 0.9483
2.18341 0.9434
2.18579 0.9448
2.18818 0.9477
2.19058 0.9511
2.19298 0.9515
2.19539 0.9463
2.1978 0.9398
2.20022 0.9366
2.20264 0.9407
2.20507 0.9486
2.20751 0.9578
2.20994 0.9657
2.21239 0.9698
2.21484 0.9711
2.21729 0.9718
2.21976 0.9718
2.22222 0.9723
2.22469 0.9737
2.22717 0.9745
2.22965 0.9749
2.23214 0.9743
2.23464 0.9734
2.23714 0.972
2.23964 0.9705
2.24215 0.9694
2.24467 0.9684
2.24719 0.9678
2.24972 0.9675
2.25225 0.9664
2.25479 0.9641
2.25734 0.9622
2.25989 0.9598
2.26244 0.9577
2.26501 0.9574
2.26757 0.9565
2.27015 0.9567
2.27273 0.9583
2.27531 0.9581
2.2779 0.9589
2.2805 0.9587
2.28311 0.9562
2.28571 0.9541
2.28833 0.9497
2.29095 0.9438
2.29358 0.9391
2.29621 0.9345
2.29885 0.9347
2.3015 0.9361
2.30415 0.9403
2.30681 0.9459
2.30947 0.9465
2.31214 0.9431
2.31481 0.9334
2.3175 0.9215
2.32019 0.9181
2.32288 0.9174
2.32558 0.924
2.32829 0.9298
2.331 0.9279
2.33372 0.921
2.33645 0.9095
2.33918 0.8957
2.34192 0.8849
2.34467 0.8766
2.34742 0.8704
2.35018 0.867
2.35294 0.8692
2.35571 0.876
2.35849 0.8827
2.36128 0.8843
2.36407 0.8743
2.36686 0.8608
2.36967 0.8403
2.37248 0.8302
2.3753 0.8264
2.37812 0.8146
2.38095 0.8134
2.38379 0.8038
2.38663 0.8033
2.38949 0.8119
2.39234 0.8182
2.39521 0.8265
2.39808 0.8234
2.40096 0.8169
2.40385 0.8017
2.40674 0.778
2.40964 0.7542
2.41255 0.7288
2.41546 0.7099
2.41838 0.7128
2.42131 0.7386
2.42424 0.7601
2.42718 0.7691
2.43013 0.7686
2.43309 0.7532
2.43605 0.7375
2.43902 0.7366
2.442 0.7145
2.44499 0.6746
2.44798 0.6455
2.45098 0.6324
2.45399 0.6471
2.457 0.6848
2.46002 0.7005
2.46305 0.6786
2.46609 0.6533
2.46914 0.6111
2.47219 0.561
2.47525 0.5368
2.47831 0.4882
2.48139 0.4333
2.48447 0.3855
2.48756 0.3415
2.49066 0.3319
2.49377 0.332
2.49688 0.3442
2.5 0.3506
2.50313 0.3257
2.50627 0.2945
2.50941 0.2428
2.51256 0.1936
2.51572 0.1517
2.51889 0.1233
2.52207 0.0943
2.52525 0.0644
2.52845 0.0401
2.53165 0.0233
2.53485 0.0137
2.53807 0.0085
2.5413 0.004
2.54453 0.0019
2.54777 0.0012
2.55102 0.0008
2.55428 0.0006
2.55754 0.0003
2.56082 0.0001
2.5641 0
2.56739 0
2.57069 0
2.574 0
2.57732 0
2.58065 0
2.58398 0
2.58732 0
2.59067 0
2.59403 0
2.5974 0
2.60078 0
2.60417 0
2.60756 0
2.61097 0
2.61438 0
2.6178 0
2.62123 0
2.62467 0
2.62812 0
2.63158 0
2.63505 0
2.63852 0
2.64201 0
2.6455 0
2.64901 0
2.65252 0
2.65604 0
2.65957 0
2.66312 0
2.66667 0
2.67023 0
2.6738 0
2.67738 0
2.68097 0
2.68456 0
2.68817 0
2.69179 0
2.69542 0
2.69906 0
2.7027 0
2.70636 0
2.71003 0
2.7137 0
2.71739 0
2.72109 0
2.7248 0
2.72851 0
2.73224 0
2.73598 0
2.73973 0
2.74348 0
2.74725 0
2.75103 0
2.75482 0
2.75862 0
2.76243 0
2.76625 0
2.77008 0
2.77393 0
2.77778 0
2.78164 0
2.78552 0
2.7894 0
2.7933 0
2.7972 0.0001
2.80112 0.0002
2.80505 0.0003
2.80899 0.0005
2.81294 0.0011
2.8169 0.0025
2.82087 0.0052
2.82486 0.0091
2.82885 0.0129
2.83286 0.0159
2.83688 0.0181
2.84091 0.021
2.84495 0.0249
2.849 0.0281
2.85307 0.0366
2.85714 0.049
2.86123 0.0668
2.86533 0.0929
2.86944 0.1116
2.87356 0.1346
2.8777 0.1563
2.88184 0.1845
2.886 0.2163
2.89017 0.2318
2.89436 0.244
2.89855 0.2456
2.90276 0.2384
2.90698 0.2594
2.91121 0.2759
2.91545 0.2969
2.91971 0.3353
2.92398 0.3795
2.92826 0.4222
2.93255 0.4469
2.93686 0.445
2.94118 0.4291
2.94551 0.409
2.94985 0.4169
2.95421 0.4313
2.95858 0.4429
2.96296 0.4295
2.96736 0.3816
2.97177 0.3429
2.97619 0.361
2.98063 0.4143
2.98507 0.4911
2.98954 0.552
2.99401 0.5565
2.9985 0.5517
3.003 0.5365
3.00752 0.4974
3.01205 0.4934
3.01659 0.4778
3.02115 0.4548
3.02572 0.4551
3.0303 0.4331
3.0349 0.4035
3.03951 0.3724
3.04414 0.3492
3.04878 0.3296
3.05344 0.3294
3.0581 0.3515
3.06279 0.3758
3.06748 0.3943
3.0722 0.4056
3.07692 0.4075
3.08166 0.3749
3.08642 0.3611
3.09119 0.3419
3.09598 0.3155
3.10078 0.3189
3.10559 0.3269
3.11042 0.3528
3.11526 0.3985
3.12012 0.4677
3.125 0.5019
3.12989 0.5287
3.1348 0.5464
3.13972 0.5259
3.14465 0.534
3.14961 0.5748
3.15457 0.6347
3.15956 0.7083
3.16456 0.7637
3.16957 0.7747
3.1746 0.7601
3.17965 0.7226
3.18471 0.6477
3.18979 0.5409
3.19489 0.4131
3.2 0.2952
3.20513 0.233
3.21027 0.2076
3.21543 0.2107
3.22061 0.2475
3.22581 0.2909
3.23102 0.3418
3.23625 0.4115
3.24149 0.4507
3.24675 0.4591
3.25203 0.4742
3.25733 0.4543
3.26264 0.4279
3.26797 0.4535
3.27332 0.4977
3.27869 0.5468
3.28407 0.5889
3.28947 0.5861
3.29489 0.5435
3.30033 0.5017
3.30579 0.4678
3.31126 0.4431
3.31675 0.4398
3.32226 0.4769
3.32779 0.5336
3.33333 0.5888
3.3389 0.6115
3.34448 0.6166
3.35008 0.6194
3.3557 0.6197
3.36134 0.6426
3.367 0.6722
3.37268 0.7051
3.37838 0.7414
3.38409 0.7714
3.38983 0.7925
3.39559 0.801
3.40136 0.8066
3.40716 0.8092
3.41297 0.8249
3.4188 0.8454
3.42466 0.8585
3.43053 0.869
3.43643 0.8691
3.44234 0.8671
3.44828 0.8701
3.45423 0.8727
3.46021 0.8781
3.4662 0.8819
3.47222 0.8811
3.47826 0.8814
3.48432 0.8819
3.4904 0.8827
3.4965 0.8865
3.50263 0.8869
3.50877 0.8853
3.51494 0.8802
3.52113 0.8714
3.52734 0.8618
3.53357 0.8494
3.53982 0.8394
3.5461 0.8375
3.5524 0.8354
3.55872 0.8395
3.56506 0.8428
3.57143 0.8374
3.57782 0.8385
3.58423 0.84
3.59066 0.8433
3.59712 0.8539
3.6036 0.8648
3.61011 0.8705
3.61664 0.8788
3.62319 0.8878
3.62976 0.8917
3.63636 0.9007
3.64299 0.9067
3.64964 0.9022
3.65631 0.8909
3.663 0.8678
3.66972 0.838
3.67647 0.825
3.68324 0.84
3.69004 0.8639
3.69686 0.8893
3.7037 0.9066
3.71058 0.9088
3.71747 0.908
3.72439 0.9066
3.73134 0.9006
3.73832 0.8975
3.74532 0.896
3.75235 0.8905
3.7594 0.8891
3.76648 0.889
3.77358 0.889
3.78072 0.8947
3.78788 0.8974
3.79507 0.9011
3.80228 0.9082
3.80952 0.9103
3.81679 0.9159
3.82409 0.9227
3.83142 0.9229
3.83877 0.9234
3.84615 0.9238
3.85356 0.9199
3.861 0.9171
3.86847 0.9154
3.87597 0.9127
3.8835 0.9149
3.89105 0.9196
3.89864 0.924
3.90625 0.9282
3.91389 0.9308
3.92157 0.9331
3.92927 0.9371
3.93701 0.9427
3.94477 0.9485
3.95257 0.9535
3.9604 0.958
3.96825 0.96
3.97614 0.9606
3.98406 0.96
3.99202 0.9594
4 0.9557
4.00802 0.9513
4.01606 0.9467
4.02414 0.9412
4.03226 0.9347
4.0404 0.9294
4.04858 0.9242
4.0568 0.919
4.06504 0.9142
4.07332 0.9069
4.08163 0.8984
4.08998 0.89
4.09836 0.8828
4.10678 0.8764
4.11523 0.8687
4.12371 0.86
4.13223 0.8491
4.14079 0.8345
4.14938 0.8162
4.158 0.7941
4.16667 0.7584
4.17537 0.6775
4.1841 0.2823
4.19287 0.024
4.20168 0.0002
4.21053 0
4.21941 0
4.22833 0
4.23729 0
4.24628 0
4.25532 0
4.26439 0
4.2735 0
4.28266 0
4.29185 0
4.30108 0
4.31034 0
4.31965 0
4.329 0
4.33839 0
4.34783 0.0001
4.3573 0.0011
4.36681 0.005
4.37637 0.0152
4.38596 0.0301
4.3956 0.0454
4.40529 0.0612
4.41501 0.0799
4.42478 0.1082
4.43459 0.1467
4.44444 0.1883
4.45434 0.2221
4.46429 0.254
4.47427 0.2953
4.4843 0.3501
4.49438 0.4078
4.5045 0.4425
4.51467 0.4605
4.52489 0.478
4.53515 0.5061
4.54545 0.5535
4.55581 0.6122
4.56621 0.6698
4.57666 0.7196
4.58716 0.7621
4.5977 0.7923
4.60829 0.8111
4.61894 0.8209
4.62963 0.8229
4.64037 0.8204
4.65116 0.8145
4.662 0.8114
4.6729 0.8085
4.68384 0.8092
4.69484 0.8089
4.70588 0.7995
4.71698 0.7968
4.72813 0.7872
4.73934 0.781
4.75059 0.7691
4.7619 0.7562
4.77327 0.7397
4.78469 0.7154
4.79616 0.7058
4.80769 0.6815
4.81928 0.6544
4.83092 0.6445
4.84262 0.6354
4.85437 0.6485
4.86618 0.6654
4.87805 0.669
4.88998 0.6639
4.90196 0.653
4.914 0.6412
4.92611 0.6169
4.93827 0.5762
4.9505 0.5395
4.96278 0.5188
4.97512 0.5143
4.98753 0.5004
5 0.469
5.01253 0.4355
5.02513 0.4255
5.03778 0.4575
5.05051 0.4794
5.06329 0.4657
5.07614 0.4207
5.08906 0.3613
5.10204 0.3055
5.11509 0.2504
5.12821 0.2208
5.14139 0.198
5.15464 0.1964
5.16796 0.1965
5.18135 0.1757
5.19481 0.1302
5.20833 0.0825
5.22193 0.0676
5.2356 0.064
5.24934 0.0709
5.26316 0.0777
5.27704 0.0695
5.29101 0.0677
5.30504 0.0662
5.31915 0.0618
5.33333 0.0483
5.34759 0.0337
5.36193 0.0281
5.37634 0.0231
5.39084 0.0181
5.40541 0.0115
5.42005 0.0047
5.43478 0.0018
5.44959 0.001
5.46448 0.0011
5.47945 0.0017
5.49451 0.0025
5.50964 0.0023
5.52486 0.0012
5.54017 0.0004
5.55556 0.0001
5.57103 0
5.58659 0
5.60224 0
5.61798 0
5.6338 0
5.64972 0
5.66572 0
5.68182 0
5.69801 0
5.71429 0
5.73066 0
5.74713 0
5.76369 0
5.78035 0
5.7971 0
5.81395 0
5.8309 0
5.84795 0
5.8651 0
5.88235 0
5.8997 0
5.91716 0
5.93472 0
5.95238 0
5.97015 0
5.98802 0
6.00601 0
6.0241 0
6.0423 0
6.06061 0
6.07903 0
6.09756 0
6.11621 0
6.13497 0
6.15385 0
6.17284 0
6.19195 0
6.21118 0
6.23053 0
6.25 0
6.26959 0
6.28931 0
6.30915 0
6.32911 0
6.34921 0
6.36943 0
6.38978 0
6.41026 0
6.43087 0
6.45161 0
6.47249 0
6.49351 0
6.51466 0
6.53595 0
6.55738 0
6.57895 0
6.60066 0
6.62252 0
6.64452 0
6.66667 0
6.68896 0
6.71141 0
6.73401 0
6.75676 0
6.77966 0
6.80272 0
6.82594 0
6.84932 0
6.87285 0
6.89655 0
6.92042 0
6.94444 0
6.96864 0
6.99301 0
7.01754 0
7.04225 0.0001
7.06714 0.0002
7.0922 0.0004
7.11744 0.0005
7.14286 0.0005
7.16846 0.0007
7.19424 0.0012
7.22022 0.0026
7.24638 0.0046
7.27273 0.0058
7.29927 0.0086
7.32601 0.014
7.35294 0.0261
7.38007 0.0433
7.40741 0.0597
7.43494 0.0762
7.46269 0.0903
7.49064 0.1106
7.5188 0.131
7.54717 0.1391
7.57576 0.1479
7.60456 0.1758
7.63359 0.229
7.66284 0.2815
7.69231 0.3223
7.72201 0.3465
7.75194 0.3689
7.7821 0.3767
7.8125 0.3783
7.84314 0.369
7.87402 0.3598
7.90514 0.3911
7.93651 0.4401
7.96813 0.5123
8 0.5897
8.03213 0.6476
8.06452 0.6937
8.09717 0.7272
8.13008 0.7406
8.16327 0.7344
8.19672 0.7389
8.23045 0.7497
8.26446 0.7754
8.29876 0.8101
8.33333 0.8256
8.3682 0.8346
8.40336 0.8328
8.43882 0.8294
8.47458 0.8305
8.51064 0.834
8.54701 0.8503
8.58369 0.8612
8.62069 0.8778
8.65801 0.8877
8.69565 0.8868
8.73362 0.894
8.77193 0.8955
8.81057 0.8981
8.84956 0.9108
8.88889 0.914
8.92857 0.915
8.96861 0.916
9.00901 0.9124
9.04977 0.9137
9.09091 0.9182
9.13242 0.9247
9.17431 0.9261
9.21659 0.9252
9.25926 0.922
9.30233 0.9162
9.34579 0.9137
9.38967 0.9054
9.43396 0.8958
9.47867 0.8897
9.52381 0.8895
9.56938 0.8953
9.61539 0.8988
9.66184 0.9012
9.70874 0.9015
9.7561 0.9048
9.80392 0.9106
9.85222 0.9172
9.90099 0.9266
9.95025 0.9345
10 0.9403
10.0503 0.9457
10.101 0.9444
10.1523 0.9377
10.2041 0.9298
10.2564 0.9228
10.3093 0.9214
10.3627 0.9235
10.4167 0.9251
10.4712 0.926
10.5263 0.9271
10.582 0.9289
10.6383 0.9311
10.6952 0.932
10.7527 0.9311
10.8108 0.9267
10.8696 0.9244
10.929 0.9251
10.989 0.9262
11.0497 0.9294
11.1111 0.9294
11.1732 0.9248
11.236 0.919
11.2994 0.914
11.3636 0.9122
11.4286 0.9149
11.4943 0.9143
11.5607 0.9089
11.6279 0.903
11.6959 0.8919
11.7647 0.8895
11.8343 0.8947
11.9048 0.8962
11.976 0.9023
